"ntaxa" "mntd.obs" "mntd.rand.mean" "mntd.rand.sd" "mntd.obs.rank" "mntd.obs.z" "mntd.obs.p" "runs"
"D1" 14 2.16450216450216 3.83892983892984 2.19850939957683 145.5 -0.761619520366832 0.1455 999
"D10" 9 5.76470588235294 4.87204851910734 1.72153201570630 741 0.51852498536274 0.741 999
"D103" 9 2.8 4.95329615329615 1.48958557758543 49.5 -1.44556726763331 0.0495 999
"D13" 8 4.66666666666667 5.35949282615949 1.65816963228257 374.5 -0.417825864136175 0.3745 999
"D14" 20 3.52173913043478 3.2659616137877 0.690310283685054 716.5 0.370525432826635 0.7165 999
"D17" 6 5.85714285714286 6.56956956956957 2.45730310111552 441 -0.289922196453217 0.441 999
"D19" 13 3.04347826086957 3.95360577969274 0.93113322232323 155 -0.977440710956861 0.155 999
"D20" 24 2.54794520547945 3.00124782316563 0.616683655087613 228.5 -0.735065075823646 0.2285 999
"D21" 15 3.11538461538462 3.70770770770771 0.85212364971228 262.5 -0.695114016050477 0.2625 999
"D23" 18 3 3.39039039039039 0.841588932019446 365.5 -0.463873009182314 0.3655 999
"D24" 15 3.24444444444444 3.65200756311867 0.906203084263478 376 -0.449748103655462 0.376 999
"D26" 9 3.86666666666667 4.93333333333333 1.23294781748510 198 -0.865135289214747 0.198 999
"D3" 17 2.70329670329670 3.45347545347545 1.00248318234347 215 -0.748320533841857 0.215 999
"D41" 5 2.94736842105263 7.55566092408198 2.74795135643997 34 -1.67699202252237 0.034 999
"D43" 17 2.38028169014085 3.48720551537453 1.46891099904072 216.5 -0.753567660638776 0.2165 999
"D45" 18 2.11111111111111 3.42809476142809 1.23773864919663 42.5 -1.06402401764847 0.0425 999
"D47" 19 2.34782608695652 3.36817977397688 1.00599433379825 87.5 -1.01427379135217 0.0875 999
"D50" 14 3.89189189189189 3.82463544625707 0.96280715440604 601 0.0698545345524721 0.601 999
"D51" 12 2.66666666666667 4.18362807251696 1.20094416408832 57 -1.26314066149934 0.057 999
"D54" 9 8.52173913043478 4.98820559690125 1.6111143538326 967.5 2.19322329611662 0.9675 999
"D59" 20 2.09150326797386 3.47495207625927 2.38963461463325 134 -0.57893738223144 0.134 999
"D60" 8 5.33333333333333 5.32165498832166 1.51502068015505 529 0.00770837333420597 0.529 999
"D66" 12 3.125 4.17698948948949 1.43793796661445 253 -0.731595878204915 0.253 999
"D72" 10 7.04 4.61805805805806 1.37738004348874 943.5 1.75836868944860 0.9435 999
"D76" 9 4.47058823529412 4.98792910557616 1.45172737472631 410 -0.35636227523751 0.41 999
"D81" 6 5.5 6.58475141808475 2.16029635996626 344.5 -0.502130836392139 0.3445 999
"D85" 15 4.51376146788991 3.72770936073688 1.96560875426824 795 0.399902628356809 0.795 999
"D89" 14 3.34693877551020 3.79710322567465 1.33680636242494 470.5 -0.336746190635914 0.4705 999
"D90" 5 9.81176470588235 7.21274215391862 4.67313847147276 722.5 0.556162109860322 0.7225 999
"R111" 14 2.22085889570552 3.92249918630287 1.8221442791159 91.5 -0.93386693364533 0.0915 999
"R113" 18 3.02702702702703 3.44582420258096 1.03167824310241 421 -0.40593777987849 0.421 999
"R114" 9 4.66666666666667 5.00620620620621 1.40305094660614 445 -0.242000862734782 0.445 999
"R116" 14 2.15294117647059 3.82993581817111 1.88667625674007 148 -0.888861899708298 0.148 999
"R120" 10 6.45454545454545 4.63199563199563 1.40787444389514 901.5 1.29454002837597 0.9015 999
"R124" 12 2.8 4.17049049049049 1.13345432067365 64.5 -1.20912723653121 0.0645 999
"R125" 17 2.08333333333333 3.44111969111969 1.39509217378044 18.5 -0.973259246453234 0.0185 999
"R126" 18 2.62857142857143 3.51737451737452 0.977771985255543 155 -0.90900854412473 0.155 999
"R129" 20 2.55882352941176 3.3295059765648 0.96094978389412 206.5 -0.802000749747763 0.2065 999
"R14" 17 2.27586206896552 3.51599875737807 0.851423947341894 16.5 -1.45654428946261 0.0165 999
"R15" 6 5.68 6.75747747747748 2.20133645943971 326 -0.489465148708671 0.326 999
"R19" 9 5 4.96813480146813 1.21624408710909 543 0.0261996739549266 0.543 999
"R21" 20 3.73846153846154 3.32681912681913 1.01234156494589 753 0.406624034709487 0.753 999
"R22" 6 7.5 6.55305305305305 2.02642566855252 682.5 0.467299127543797 0.6825 999
"R23" 15 3.11111111111111 3.69667445223001 0.848944803819075 255 -0.689754314396735 0.255 999
"R24" 16 4.7 3.68925592258926 1.08770492107813 836 0.929244740760113 0.836 999
"R3" 10 3.55555555555556 4.62951840729619 1.24081689458058 193 -0.865528875719934 0.193 999
"R41" 16 3.64948453608247 3.60857764981476 1.03683528278099 585 0.039453601692634 0.585 999
"R45" 7 11.1678832116788 5.897854058438 3.13259461465405 920.5 1.68232082395469 0.9205 999
"R47" 16 2.68341708542714 3.72567542416789 1.44482202481281 270.5 -0.721374896590317 0.2705 999
"R49" 10 7.67441860465116 4.61428870731196 2.01187289509506 927.5 1.52103540178894 0.9275 999
"R58" 12 2.79069767441860 4.19628931256838 1.46082831541949 160.5 -0.962188111575691 0.1605 999
"R59" 11 3.38461538461538 4.36521136521137 1.34250409773985 246.5 -0.730423081945782 0.2465 999
"R61" 12 3.42857142857143 4.17989417989418 0.965981082267488 240.5 -0.777782055067932 0.2405 999
"R62" 16 4.7008547008547 3.5701342368009 1.26595255492059 830.5 0.89317759947546 0.8305 999
"R65" 9 3.5 4.86386386386386 1.87756117274519 270.5 -0.726401825763021 0.2705 999
"R67" 7 8.92307692307692 5.93177793177793 2.03162761120317 913.5 1.47236578928335 0.9135 999
"R75" 11 6.33962264150943 4.40561316033014 1.37932144229137 904.5 1.40214559266653 0.9045 999
"R83" 11 2.30769230769231 4.31919098585765 1.26355265689952 14 -1.59193894071745 0.014 999
"R90" 7 2.63636363636364 5.85094185094185 2.69288804474851 104.5 -1.19372887441313 0.1045 999
"S110" 6 8.5 6.41916916916917 2.05160390123082 839 1.01424589297304 0.839 999
"S113" 13 2.9010989010989 3.90392590392590 1.53243886170849 295 -0.654399355096601 0.295 999
"S116" 6 5.18181818181818 6.66775866775867 2.53426779499072 317 -0.58633917413054 0.317 999
"S118" 3 4 10.4884884884885 3.59269153735508 36.5 -1.80602437504704 0.0365 999
"S119" 1 NA NA NA NA NA NA 999
"S120" 1 NA NA NA NA NA NA 999
"S121" 4 8.85714285714286 8.6054626054626 3.07886900738458 549 0.0817443844075873 0.549 999
"S123" 3 9 10.4119119119119 3.67017555785813 349 -0.384698739788863 0.349 999
"S124" 0 NA NA NA NA NA NA 999
"S125" 5 5.25 7.45670670670671 2.77981921260621 249 -0.79383101487302 0.249 999
"S14" 19 2.09803921568627 3.40483620875778 1.22448019463007 6.5 -1.06722591251572 0.0065 999
"S15" 2 2 13.1851851851852 5.51593980429355 36.5 -2.02779319246355 0.0365 999
"S20" 8 5.52941176470588 5.40210799034328 1.63699655039041 585.5 0.0777666723440783 0.5855 999
"S22" 1 NA NA NA NA NA NA 999
"S34" 2 2 12.7627627627628 5.57898062592295 43.5 -1.92916295725301 0.0435 999
"S41" 9 5.89473684210526 4.99668089141773 1.92567170404018 699 0.466359841505357 0.699 999
"S43" 5 8.13953488372093 7.43669250645995 3.98979913918158 620.5 0.176159839817188 0.6205 999
"S45" 4 8.33333333333333 8.7057057057057 3.11419447454094 476 -0.119572613533476 0.476 999
"S47" 4 4.75 8.47147147147147 3.19085412343011 143.5 -1.16629320160552 0.1435 999
"S49" 16 5.48936170212766 3.66034119225609 1.09617785230457 923.5 1.66854357258386 0.9235 999
"S51" 2 14 13.1791791791792 5.46577316392529 441.5 0.150174695546886 0.4415 999
"S53" 4 12 8.71296296296296 3.30739813061846 809 0.993843773027224 0.809 999
"S54" 4 6 8.58058058058058 2.88375716280190 210.5 -0.894867506136768 0.2105 999
"S56" 3 11.3333333333333 10.5618952285619 3.52073897163682 613 0.219112553070866 0.613 999
"S57" 1 NA NA NA NA NA NA 999
"S65" 1 NA NA NA NA NA NA 999
"S66" 1 NA NA NA NA NA NA 999
"S71a" 1 NA NA NA NA NA NA 999
"S75" 8 3.23809523809524 5.38195338195338 1.90138463749022 113.5 -1.1275247004667 0.1135 999
"S85" 4 8.8421052631579 8.44402297033876 4.05408457143248 564.5 0.0981928930699334 0.5645 999
