14.25392 18.37833 18.54191 13.88918 12.15386 15.40502 17.19851 14.82068 15.53118 18.47090 21.98175 22.44806 56.43143 15.55291 19.94383 15.1886 18.98303 18.06689 19.34488 15.46800 12.92082 11.20964 17.08163 15.71805 12.27318 14.62667 14.88034 15.37502 32.34070 15.35729 17.68269 14.61554 18.11274 12.67282 12.23137 13.35718 16.17127 13.82749 16.31153 15.67084
15.61418 10.39793 8.362992 11.85224 14.18961 11.01149 12.13994 15.76657 19.26714 20.06962 59.05512 12.37536 17.35025 11.52531 16.26456 14.65122 16.37876 12.21402 9.149653 7.40943 13.73790 12.57590 8.477046 11.02241 11.5401 12.08511 31.38665 12.02081 14.70987 11.10743 15.05025 8.880711 8.454692 9.408523 13.01015 10.19329 12.97941 19.14919 14.44678 12.92247
16.16643 17.38243 15.72488 15.6715 18.95535 22.97590 23.20024 56.92625 15.78423 20.27181 16.03476 19.30697 18.99690 19.86617 16.20704 13.83899 12.07667 17.67743 16.14912 13.12034 15.36344 15.59929 16.07446 33.08962 16.20782 18.64612 15.49447 18.63793 13.56942 12.89352 14.34788 16.79378 14.64557 17.11716 15.15662 12.84904 16.38739 17.95649 15.64413 16.23274
18.98633 22.30823 22.70279 54.75549 16.47267 20.33479 16.05130 19.64866 18.83706 19.88367 15.86734 13.52499 11.80165 17.95001 16.40218 12.90830 15.37659 15.59152 15.86738 32.06309 15.9194 18.25813 15.22098 18.69514 13.34532 12.89382 14.12522 16.69361 14.35265 17.00531 7.673574 11.32529 12.74218 10.44702 10.87411 14.82652 19.43664 19.86293 60.04195 10.79210
16.31803 10.94779 15.10119 14.00431 15.53066 11.79461 8.730646 6.973442 12.70359 11.49119 8.001895 10.19828 10.85403 11.50408 31.55249 11.68836 14.53248 10.75580 14.21717 8.525106 7.712316 9.034862 12.27219 9.865477 12.38742 9.494638 11.27149 7.970243 9.176341 12.69103 16.74466 17.33709 57.03185 9.181676 14.25249 8.6152 13.40295 11.46949 13.24045 8.895427
5.778084 3.716722 10.53293 9.346721 5.038539 7.806612 8.397802 8.831904 28.60197 8.982328 11.68145 7.819105 11.72178 5.61236 5.066792 6.137397 9.816207 7.154184 9.647183 14.69816 12.18696 12.37319 16.37576 20.24274 20.7544 58.22364 12.99656 17.74922 12.69702 16.76334 15.82384 17.02554 13.13627 10.36072 8.580963 14.74754 13.39101 9.626132 12.12390 12.50064
12.98248 31.77255 13.07690 15.75912 12.21245 15.84612 10.07286 9.434048 10.76402 13.80279 11.22176 14.00382 14.07355 14.11287 17.60584 21.82444 22.11793 57.53181 14.15635 18.92574 14.4425 17.87242 17.47748 18.55473 14.79291 12.31876 10.51391 16.10524 14.60501 11.55023 13.70262 14.10636 14.58957 32.54272 14.90996 17.52817 14.02355 17.31555 12.01387 11.22884
12.70587 15.31754 13.18455 15.69769 11.56533 15.55573 19.28643 19.97451 59.42761 11.87819 16.99764 11.10005 16.09128 13.66663 15.78148 11.95369 8.688324 7.088055 13.01868 12.24065 8.184435 10.32098 11.29810 11.77940 31.1372 11.72744 14.41716 10.75691 14.56926 8.670981 8.08376 8.924924 12.61421 9.856997 12.42926 16.12954 20.51979 20.91184 60.15009 12.07448
17.32796 12.22021 16.28205 15.14382 16.49125 13.01665 10.06584 8.424093 14.01377 12.90128 9.413783 11.51444 12.28436 12.74437 32.31162 12.85326 15.66311 12.02421 15.56254 9.933244 8.99183 10.41099 13.51474 10.83437 13.54028 22.16464 22.43146 53.21737 16.09614 19.90967 15.93347 19.21780 18.56871 19.52551 15.71167 13.49399 11.69717 17.62113 16.07056 12.82564
15.14456 15.37806 15.69601 31.39453 15.93240 18.18120 15.09920 18.32077 13.28853 12.76969 14.05678 16.44612 14.47713 16.81773 24.85652 50.2581 20.6388 23.45372 19.71106 23.00936 22.08068 23.03279 19.08094 17.22175 15.57395 21.54422 20.14323 16.70465 19.03344 19.16962 19.27034 32.32178 19.39278 21.36333 18.61636 22.00996 17.00522 16.87341 17.83114 20.05846
18.07000 20.49596 49.22059 20.97362 23.66794 20.36021 23.25435 22.76775 23.41989 19.53801 17.88863 16.19658 22.05984 20.52101 17.32794 19.65309 19.65417 19.74503 32.27423 19.91398 21.80794 19.17543 22.41611 17.63632 17.45316 18.58162 20.44294 18.67587 21.04292 59.44412 53.52692 58.80583 54.90429 58.85535 55.61912 52.99532 56.6923 55.14786 59.22519 56.43473
56.33566 58.10916 55.91503 54.46142 40.57664 55.47082 54.21371 55.24082 56.2868 55.99679 57.34015 58.41816 54.59475 56.61225 57.06762 17.47332 12.39213 16.33569 15.25990 16.77854 13.12422 10.27881 8.495006 13.96651 12.77307 9.540067 11.62665 12.29427 12.86943 32.0336 13.07888 15.79207 12.14806 15.48031 10.07119 9.230385 10.52980 13.62215 11.28659 13.63031
17.37712 20.46863 19.95805 20.80106 17.13919 15.01688 13.27758 19.00275 17.45502 14.37145 16.57872 16.823 17.1175 32.39381 17.37911 19.61850 16.57682 19.64726 14.82110 14.24946 15.59537 17.83233 15.9249 18.27007 16.44680 14.46126 16.36929 12.47884 9.386664 7.720369 13.65447 12.67292 8.818278 11.01847 11.80332 12.31407 31.29901 12.32294 14.97136 11.38160
15.03752 9.296592 8.703325 9.652787 13.16608 10.52125 13.05043 19.18025 20.16809 16.52634 14.31837 12.55667 18.08385 16.55106 13.60591 15.70143 16.04068 16.40811 32.53314 16.70328 19.05013 15.87213 19.07095 14.04375 13.39774 14.73989 17.12106 15.16654 17.49793 18.70308 15.20574 12.07636 10.55428 16.13754 15.51191 11.67781 13.61777 14.62687 15.06883 32.74451
15.04610 17.44637 14.10248 17.56916 12.18645 11.65778 12.30155 15.91962 13.39101 15.49990 16.46815 13.91878 12.25011 18.01047 16.92583 13.37056 15.57491 16.10836 16.44946 32.608 16.56498 18.87641 15.69906 18.89152 13.8513 13.32651 14.4013 17.20117 15.05026 17.26703 9.68112 7.750964 14.36034 12.97145 9.023079 11.69733 12.01936 12.27142 29.18477 12.43098
14.82762 11.44641 15.12958 9.496442 9.103574 10.23320 13.17194 10.81333 13.35243 4.665038 11.38003 10.31805 5.932014 8.557775 9.232174 9.638866 28.86566 9.620997 12.24869 8.62146 12.47329 6.48228 5.986501 6.95237 10.60710 7.818595 10.46037 9.708698 8.465353 3.944424 6.905761 7.393229 7.758797 27.21733 7.892596 10.51579 6.702282 10.70187 4.512664 4.056619
5.113417 8.808515 6.114546 8.615432 14.37410 10.82501 12.85469 13.60835 14.20705 32.52793 14.28888 16.80345 13.30130 16.53894 11.30680 10.65291 11.62052 14.99489 12.58124 14.80663 9.608267 11.88494 12.32774 12.82954 30.83482 13.03431 15.55456 12.0988 15.43235 10.09904 9.434698 10.68723 13.63898 11.37055 13.77395 8.030676 8.582619 8.986167 28.42182 9.077365
11.74403 7.984035 11.86128 5.798 5.298993 6.358664 9.965248 7.261535 9.861355 11.04261 11.52540 30.54708 11.57717 14.21938 10.59906 14.23186 8.546742 7.909164 8.865082 12.37374 9.776354 12.28630 11.94743 30.03605 12.03916 14.50996 11.09182 14.47773 9.055434 8.491987 9.676467 12.77985 10.36123 12.89575 29.74252 12.41199 14.88668 11.44219 15.11376 9.470482
8.9858 10.13296 13.13730 10.74145 13.27798 30.08834 30.98767 29.45834 31.97096 28.59348 28.86052 29.78309 30.33508 29.5733 31.16365 14.78901 11.52712 15.21820 9.555082 9.10455 10.16361 13.28082 10.68326 13.35734 13.98648 17.53355 12.19712 11.85252 12.83218 15.71106 13.30123 15.75894 14.28826 8.471599 8.043673 9.061561 12.35648 9.833823 12.34642 12.34569
11.79642 12.9564 15.88288 13.70670 15.96420 5.840504 6.890246 10.43591 7.750832 10.38241 6.381987 9.914677 7.22318 9.888005 11.10884 8.307704 10.80597 11.64809 14.20363 11.70241
