8.283568 8.848113 8.916138 8.545763 8.272823 8.418763 8.934038 8.210317 8.394444 9.061515 8.730376 8.871652 11.03121 9.021264 9.039451 8.4 9.002083 8.499405 8.732648 8.811075 8.44636 7.960136 8.57 8.979545 8.67963 8.444444 8.607991 8.723477 9.59074 8.55979 8.768474 8.623667 8.734932 8.468235 8.479412 8.466296 8.78554 8.386508 8.807051 8.977677
8.554438 8.540105 7.955716 7.868722 9.081928 7.535882 8.129343 9.166965 8.131872 8.484531 11.87820 9.355877 9.098592 7.898893 9.193075 8.131162 8.569554 8.437892 7.811559 7.507793 8.42 9.049616 8.280908 8.039354 8.257187 8.383008 9.714397 7.945927 8.255048 8.149718 8.61914 7.894449 8.039768 7.910798 8.524544 7.615862 8.592497 8.930518 8.253278 8.35815
8.610182 8.366463 8.515903 8.118553 8.68422 9.11975 9.009676 10.45881 8.25488 8.66181 8.568284 8.463836 8.619104 8.590075 8.97882 8.873238 8.301591 8.397736 8.584477 8.84067 8.527007 8.70535 8.81051 9.41457 8.903417 9.100818 8.916604 8.55725 8.853607 8.654162 8.792243 8.721143 8.778527 8.828374 8.866828 8.372658 8.45293 9.027945 8.062887 8.218783
9.054401 8.528034 8.62461 10.84402 9.131773 8.951577 8.378685 9.091931 8.494473 8.737987 8.695955 8.321748 8.089566 8.658413 9.035354 8.698894 8.34874 8.614916 8.60966 9.463404 8.310578 8.646108 8.600317 8.732116 8.511204 8.46648 8.500705 8.635854 8.012472 8.8779 7.725912 8.367232 8.144903 8.183212 8.052542 8.455778 8.997676 8.960307 11.00227 8.0564
8.507616 8.23628 8.293079 8.17615 8.285582 8.523674 8.27859 7.520801 8.003729 8.279276 8.242681 8.137255 8.26515 8.395116 9.45386 8.616451 8.781703 8.372712 8.245182 8.205683 8.052642 8.204896 8.476321 8.595642 8.311604 8.03156 8.290572 7.452595 7.946096 8.166994 8.208152 8.351274 10.40519 8.313218 8.173566 7.648005 8.39452 7.240267 7.570776 7.070619
6.560371 4.558897 7.372973 7.951884 6.673856 7.394895 7.319018 7.222125 8.505756 7.521956 7.575328 6.818739 7.497593 6.52247 6.627239 6.792492 7.887917 7.69734 7.010568 8.697582 7.54699 7.7087 8.877358 8.258724 8.369672 11.46718 8.884353 8.75002 7.943696 8.808438 8.193452 8.402257 8.453763 7.993602 7.74691 8.352201 8.839337 8.361476 8.007214 8.250452
8.334821 9.549092 7.99371 8.335114 8.256352 8.50504 8.10074 8.079245 8.131307 8.31798 7.64136 8.623609 8.555869 8.19554 8.614725 9.240913 9.125798 10.71125 8.138052 8.60296 8.570758 8.357394 8.609784 8.628208 8.964107 8.889186 8.26032 8.340282 8.453585 8.802248 8.473212 8.63824 8.769347 9.498826 8.997538 9.184032 8.903662 8.532317 8.835708 8.574648
8.764789 8.695112 8.892354 8.815276 7.456349 8.588831 7.757527 7.897599 11.47366 8.771182 8.426763 7.442857 8.654365 7.595833 7.977821 7.825622 7.211658 7.063323 7.918476 8.52619 7.715344 7.40028 7.728898 7.739887 9.185979 7.319747 7.67728 7.565524 8.087802 7.419216 7.436639 7.473122 7.793557 6.991156 8.103846 8.492424 8.302688 8.256838 11.25722 8.218103
8.333122 7.816667 8.340972 8.03869 8.11347 8.347204 7.988314 7.820637 8.03 8.44356 8.288889 7.796405 8.15274 8.179749 9.387037 7.915967 8.30261 8.233 8.264155 8.159804 7.959412 8.133704 8.072794 7.534524 8.433333 9.079472 9.017172 9.976752 8.460188 8.69977 8.629004 8.601894 8.53474 8.612329 8.780938 8.657367 7.95369 8.449818 8.560124 8.653719
8.481462 8.634496 8.684946 9.211111 8.863382 8.995071 8.717091 8.469116 8.660749 8.514545 8.624848 8.706016 8.828571 8.659091 8.244486 10.08057 9.509872 8.946407 8.167819 9.21035 8.290179 8.649249 8.444485 7.967 7.761831 8.639032 9.13563 8.492994 8.165718 8.409965 8.40418 9.146953 7.98686 8.27604 8.27871 8.66118 8.172676 8.25797 8.212724 8.498102
7.676651 8.76008 9.889175 9.31086 8.876122 8.31746 9.10114 8.458715 8.663623 8.5823 8.226594 8.026097 8.68923 9.100816 8.654407 8.282805 8.533427 8.51907 9.133666 8.161736 8.434198 8.452308 8.704953 8.413927 8.419306 8.457645 8.480266 7.889906 8.883958 10.61399 10.00643 11.21766 10.07730 10.59691 10.27146 10.63615 11.18482 9.987765 10.60726 10.48802
10.9848 11.05586 10.87106 10.74630 8.109961 11.22027 10.82380 10.79561 10.23246 11.04183 11.11849 11.08914 10.77559 11.61818 10.49743 8.581296 8.675698 8.222342 8.63439 8.60026 9.109956 9.150912 8.41128 8.266207 8.282328 8.904215 8.584686 8.785427 8.931869 9.512452 9.243248 9.420129 9.109138 8.420052 9.06217 8.772515 8.885057 8.759255 9.176519 8.749337
8.562688 8.59019 8.491976 8.574996 8.71915 8.553543 7.937066 8.447089 8.621692 8.626007 8.39799 8.569447 8.601606 9.17405 8.71665 8.88722 8.64481 8.493671 8.598883 8.42889 8.596765 8.63831 8.650693 8.712025 8.659722 7.862245 8.205806 8.144393 7.657499 7.295641 8.040476 8.512716 8.006494 7.736461 7.992825 8.060932 9.26918 7.829337 8.119191 7.939762
8.180365 7.779132 7.765266 7.7791 8.14846 7.581066 8.249313 8.649182 8.664384 9.04328 9.014128 8.346134 8.448333 8.481534 8.90867 8.553513 8.727169 8.843638 9.305556 9.072552 9.221135 8.99125 8.55879 8.959314 8.725 8.860648 8.76011 8.997024 8.872997 8.003547 7.870565 7.36484 6.704685 7.849643 8.405438 7.647457 7.721289 7.885396 7.877592 8.938492
7.869568 8.034531 7.660714 7.98887 7.462185 7.498004 7.508333 8.213235 7.82313 7.825034 8.187539 7.84467 7.138146 8.100822 8.550747 7.993912 8.074 8.198912 8.182943 8.957763 8.250982 8.392061 8.030685 8.184838 7.887752 7.86527 7.963927 8.395447 8.241683 8.12197 6.818576 6.190515 8.018323 8.597947 7.078723 7.883681 7.738224 7.577385 8.991219 7.722716
7.838904 7.253161 8.184976 6.7989 6.945579 7.235484 8.306072 7.849462 7.708561 5.531312 7.685287 8.463297 6.549983 7.384945 7.292316 7.116117 8.975734 7.109195 7.27517 6.671264 7.889702 6.177079 6.380865 6.643934 7.962475 7.187466 7.272325 6.959248 7.708108 5.757956 6.955713 6.718083 6.516399 7.94993 6.897341 6.864203 5.905893 7.11165 5.462456 5.71809
5.951689 7.574774 7.235632 6.254099 8.234545 7.782424 7.898824 7.961096 8.032258 9.063333 8.19049 8.318795 7.8972 7.963836 7.666588 7.609412 7.733778 8.31647 8.19381 7.94 8.413682 8.351381 8.440224 8.532991 9.304924 8.799269 8.928943 8.544318 8.320361 8.393316 8.247059 8.387121 8.666277 8.8033 8.467876 7.745098 7.5348 7.387531 9.056678 7.654305
7.716502 6.996465 7.98893 6.4612 6.628164 6.928507 8.219994 7.859307 7.40239 7.820172 7.820894 9.118192 7.702934 7.965155 7.669412 8.019742 7.534717 7.494233 7.591939 8.017301 7.529645 8.010747 7.817352 9.137367 7.87106 8.023189 7.612055 8.08238 7.292909 7.317002 7.52831 8.23892 7.858774 7.968915 9.046894 7.788104 7.954463 7.41785 8.177198 7.15642
7.211891 7.451493 8.221063 7.807732 7.827543 9.227078 9.171687 8.973889 8.915145 8.981373 9.04281 9.041975 9.235294 9.32209 9.010684 7.76169 7.556364 8.304914 7.318346 7.401728 7.534033 8.114048 7.242424 8.141474 7.651807 8.42309 7.403402 7.521403 7.661981 8.354802 7.674699 8.187095 8.056986 6.691647 6.852 7.082 8.12103 7.667619 7.420192 7.911281
7.858018 7.937139 8.381547 8.300065 8.083772 6.328927 6.628627 8.075779 7.50112 7.243213 6.800131 8.004671 7.54986 7.336878 8.13268 7.597354 7.46859 7.943803 8.465074 8.30815
