21.32324 25.0283 24.43333 22.44831 20.66486 22.2174 24.24038 21.08889 22.40778 25.02061 24.41263 25.39259 40.14713 24.39828 25.18734 21.81071 25.22778 22.31696 23.65251 22.70151 20.71456 19.65141 22.65533 23.99697 21.33754 21.74052 22.44064 22.52509 29.70370 22.38275 23.55542 21.88533 23.46712 20.81098 20.86118 20.89222 23.48775 21.59762 22.69872 24.34932
21.95026 20.86429 17.47437 18.78895 23.56804 17.00584 20.04413 24.28003 21.09053 22.96298 44.08516 24.44220 24.26805 18.44567 24.90552 19.30722 21.60824 19.62976 16.35656 15.66769 20.47746 22.96303 17.98321 18.63546 19.49884 19.62994 29.54186 18.56264 20.19014 18.33704 21.51466 16.67572 17.27614 16.96182 21.22535 17.23592 20.17700 25.38335 21.87768 22.24460
23.71579 22.78634 23.14843 22.48239 24.21561 26.65003 26.65764 38.37823 22.05856 24.54598 23.26685 23.76769 23.75051 24.1313 24.45466 23.62167 22.50967 23.00604 23.22234 23.07795 22.97688 23.77307 23.91804 29.79874 24.70445 25.79245 24.10906 23.82063 23.49956 22.74539 23.20461 23.98627 24.1615 23.85214 23.15537 21.16002 22.48537 24.66041 21.08783 22.49101
25.16696 24.27112 25.03582 39.38002 24.81253 25.22946 22.05631 25.54861 22.67191 23.88237 22.79324 20.89555 20.29039 23.08889 24.33243 21.71878 21.86041 22.67863 22.63373 29.4806 22.22955 23.52228 22.08825 23.62361 21.22437 21.19458 21.31534 23.35142 21.34524 23.14789 18.17369 20.79880 20.41573 19.88337 19.79407 22.06641 24.45517 24.88331 41.24144 19.77542
22.53304 20.11784 21.80261 20.56477 21.46378 21.11104 19.56780 17.78798 19.94068 20.62307 19.17805 19.72798 20.56919 20.67532 29.16102 21.63607 22.97978 20.46475 21.13083 19.38345 18.75623 19.27232 21.42161 21.068 20.42568 18.72627 21.00673 16.57143 19.05886 21.25790 21.05275 22.30038 40.26802 21.20690 21.606 17.55084 22.31062 17.15162 18.9457 16.15263
13.30108 9.519162 17.77586 19.82832 13.95068 16.76939 17.05504 16.57164 26.59209 17.29490 18.36383 14.94270 18.7164 13.33413 13.70991 14.22563 19.17614 17.23048 16.22098 22.83834 18.25876 19.97233 23.87347 22.40039 23.51648 42.64366 23.26285 23.85184 19.49715 24.15422 20.4375 22.0056 20.74173 18.20549 17.72343 20.95899 22.73421 19.26472 19.47164 20.42156
20.49618 29.53459 19.85671 21.51390 19.79094 21.88205 18.53063 18.55768 18.68987 21.45112 18.64114 21.16322 22.18538 21.36808 23.10896 26.23785 26.21392 39.51864 20.49854 23.50918 22.21697 22.53785 22.76069 23.20451 23.52658 22.66723 21.39777 21.78986 21.88172 21.92858 21.81566 22.71677 22.8955 29.70110 23.97006 25.20092 23.17549 22.77658 22.48360 21.53919
22.12238 22.97297 23.40661 22.81487 18.72222 22.97117 20.69601 22.01652 43.3281 22.82594 22.85750 17.78549 23.5875 18.67049 20.62166 18.64774 15.62359 15.07347 19.54895 21.74167 17.06195 17.62381 18.62035 18.54798 28.6836 17.69204 19.45657 17.52514 20.46693 16.12566 16.31810 16.45862 19.85917 16.41395 19.41364 22.91152 23.33871 23.81681 42.43838 21.20977
22.9654 19.69325 22.79097 20.69762 21.73927 21.21376 19.25057 18.84671 20.522 21.70530 19.71801 19.50065 20.62922 20.72115 29.6 20.56154 22.31265 20.52067 21.56895 19.51961 18.97686 19.44667 21.13235 19.41667 21.27051 26.06745 26.20474 36.61010 22.33150 24.34718 23.06602 23.86515 23.23149 23.76027 23.47009 22.57774 20.94081 22.75055 22.93161 22.17438
22.55205 23.24545 23.17644 28.73485 24.08589 25.01303 23.09836 23.26065 22.51594 21.98364 22.36747 23.60775 23.78225 22.96888 24.35277 37.66995 27.09344 25.93079 22.01056 26.86727 22.49856 24.1023 22.29594 19.95059 19.35630 23.66290 25.47617 21.47124 21.90481 22.55369 22.38519 28.69131 21.47293 22.60746 21.39903 23.97592 20.41556 20.92865 20.80233 23.60330
20.57412 23.17633 36.68386 26.72031 26.07963 23.15568 26.78401 23.63484 24.76525 23.45316 21.63626 21.13723 24.37538 25.72582 22.74350 22.93690 23.61246 23.41549 28.90836 22.79523 23.87921 22.78718 24.61023 22.07969 22.25219 22.35100 24.20871 22.01333 24.19025 39.25541 36.77112 42.07105 37.02561 39.98834 38.29446 39.18748 41.86405 39.40144 40.10726 38.5224
40.9723 41.43421 40.48331 39.69726 27.98700 41.24855 39.20476 40.02758 38.33084 41.50798 41.87188 41.73344 39.59655 43.10312 38.97014 23.12091 22.46346 21.67601 22.94443 23.07298 23.98610 23.62416 22.22689 21.48724 21.04389 22.27064 22.02485 23.04842 23.28606 29.69109 24.75959 25.98058 23.83207 22.41993 23.31643 22.10892 22.61054 22.90847 24.27258 22.70855
23.18987 24.28982 23.44609 24.02185 23.61658 22.58657 21.20229 23.08709 23.47914 22.42744 22.68565 23.35946 23.28951 28.9135 23.98097 24.94601 23.18557 23.64730 22.61095 22.0825 22.58931 23.75959 23.60714 23.43123 23.49206 19.60353 21.29941 19.80860 17.27135 16.33341 20.11190 21.81115 18.212 18.71849 19.63796 19.65284 28.81548 19.29054 20.83979 18.83119
21.01305 17.55182 17.59916 17.70291 20.80252 18.25198 20.08974 23.8497 24.16010 24.55874 23.97725 22.64296 22.98417 22.88258 23.21675 23.07966 23.87643 23.99216 29.32639 25.08348 26.05120 24.29625 23.71889 23.79289 22.94583 23.42176 24.01409 24.68948 23.85417 21.39738 19.61745 17.19930 15.35751 20.31357 22.03003 17.97141 19.23424 19.85947 19.70036 28.09623
19.77666 20.95138 18.62089 21.16426 17.34433 17.56061 17.70238 21.30397 19.20897 19.71995 21.28016 19.48394 17.662 21.55507 22.77070 19.79328 20.87362 21.4483 21.25910 28.3516 21.66405 22.71150 20.54466 22.26271 19.54883 19.49267 19.81553 22.44631 21.2575 21.20166 15.95844 13.47546 20.46219 22.41254 16.99192 19.12682 19.48679 18.98266 27.61362 19.17085
20.23552 17.52735 21.12214 16.20361 16.62839 17.05133 21.20166 18.92834 19.08220 9.876752 18.55632 21.28866 14.09782 16.63173 17.02748 16.48517 27.27011 16.20565 17.53538 14.53552 19.41671 12.80392 13.54584 13.92401 19.31694 15.74028 16.79321 16.67373 19.49419 11.16472 15.31529 15.21016 14.37607 25.1907 15.11748 15.95105 11.90903 17.64912 9.94669 10.91459
11.50888 18.25966 15.47578 13.86759 21.43591 18.73414 19.6851 20.37589 20.33806 28.50111 20.89343 22.09253 19.6672 21.17918 18.54588 18.33694 18.67022 21.50441 20.4 20.15462 20.84378 21.2832 22.04094 22.07857 28.85290 23.09337 24.16347 21.92818 22.18135 21.16377 20.56377 20.97576 22.64021 22.72727 21.75852 17.51169 17.86149 17.37374 27.35971 17.84185
18.96964 15.7899 19.64868 14.21551 14.62496 15.09035 19.83779 17.61797 17.27943 19.15163 19.03574 28.31590 18.93411 20.43031 18.16275 20.5368 16.92007 16.90323 17.21176 20.37442 18.09757 19.44363 19.54132 28.29756 19.63531 20.87853 18.49890 21.13868 17.22925 17.35149 17.72298 21.18906 19.07942 19.79386 27.86141 19.34213 20.51704 17.98258 21.07144 16.72657
16.92929 17.39498 21.03329 18.93843 19.41222 28.47669 28.34003 27.38056 28.18037 27.26765 27.52222 27.57778 28.69853 28.85847 27.68803 20.02671 18.05287 21.5148 16.75101 17.17573 17.39472 21.06618 17.66658 20.08277 19.15867 22.59053 17.95712 18.4944 18.67697 22.39874 19.46787 21.01008 20.42767 14.80506 15.37788 15.76822 20.49971 17.77810 18.09769 19.48695
19.34279 19.6207 22.10123 21.07877 20.95877 13.75827 14.12680 19.59853 16.42241 16.79695 14.66588 19.39593 16.79846 17.07274 19.75278 16.87566 17.39594 20.32055 21.48784 20.01809
