10.24695 11.80063 11.54550 11.09633 11.69520 10.63920 11.55915 10.50381 10.76667 12.29788 11.68468 11.93561 17.87840 11.83649 12.23333 10.89683 12.13958 11.525 11.91416 11.77075 11.13506 11.91557 11.52667 12 11.51279 11.07418 11.39361 11.58602 14.12778 11.07925 11.63795 11.57867 12.03927 11.25824 11.16980 11.24556 11.51397 10.57976 11.99615 11.3941
10.59960 10.48448 10.72986 9.433254 11.15354 9.14554 9.857512 11.86517 10.50398 11.00289 18.67673 11.61170 11.75058 9.73776 11.79167 10.52088 11.15917 10.79028 9.826696 10.80834 10.77408 11.49808 10.46031 10.02140 10.42948 10.63153 13.86346 9.828228 10.52418 10.46634 11.33822 10.01955 10.07158 10.01080 10.65379 9.134474 11.16834 11.94010 11.15478 12.24341
11.21158 11.27770 11.23414 10.80314 12.27101 12.53987 12.49927 17.76866 11.31165 12.1968 11.46990 11.90645 12.09164 12.14526 12.39684 12.06983 12.81268 11.72906 11.94554 12.11931 11.57751 11.91005 12.11848 14.38889 11.88046 12.45760 12.35962 12.20936 12.13563 11.79489 12.04193 11.82547 11.41824 12.47388 11.54130 11.90448 10.71958 11.71518 10.4387 10.63280
12.33968 11.50282 11.70750 17.48847 12.02381 12.17159 10.94974 12.26918 11.60261 11.96434 11.72002 11.10728 12.1651 11.71429 12.12626 11.62033 11.06318 11.48119 11.54122 13.9709 10.89843 11.59132 11.64 12.09219 11.39477 11.24743 11.37143 11.4169 10.26833 12.15598 10.88029 10.55165 10.60540 10.40678 10.34266 11.62496 12.11290 12.17645 18.73356 10.65532
11.6711 10.65738 11.34675 11.12303 11.42443 11.37802 10.81502 11.17789 10.81661 11.14811 10.86766 10.63975 10.93778 11.14471 14.30697 11.12303 11.68113 11.20288 11.47643 10.82293 10.52881 10.81902 11.13547 10.77885 11.36278 11.0872 11.73937 10.38988 11.17027 12.20475 12.11189 12.39393 18.84702 12.02625 12.11335 10.86015 12.46171 10.70319 11.27286 10.05766
9.088123 6.93897 10.83495 11.65745 9.314496 10.53948 10.46353 10.27492 13.86086 10.51055 10.85651 9.702342 11.42219 9.108214 9.177954 9.631031 11.27650 10.59653 10.26802 10.95137 9.433124 9.569392 11.77599 10.89014 11.12025 18.34579 11.31728 11.58013 10.05181 11.58753 10.85939 11.19169 11.06861 10.31475 11.35333 10.96226 11.51672 10.80999 10.27093 10.68045
10.84155 13.89273 10.15684 10.88406 10.86176 11.43534 10.51979 10.37558 10.5297 10.67471 9.425876 11.46142 10.90034 10.53521 11.80435 12.34212 12.30938 17.88871 10.77368 11.73899 11.08954 11.38498 11.68964 11.84642 11.99128 11.68901 12.3254 11.27718 11.37708 11.67264 11.09749 11.43546 11.66803 14.20344 11.63439 12.20838 11.95099 11.81980 11.71466 11.28252
11.60407 11.41218 11.18075 12.07503 9.439048 11.58303 10.46221 10.75425 18.68541 11.26650 11.34852 9.537642 11.53254 10.15867 10.79478 10.40430 9.428571 10.48144 10.47314 11.23853 10.07792 9.609337 10.15055 10.22304 13.61905 9.47972 10.20964 10.08610 11.06145 9.748683 9.661625 9.765926 10.19510 8.814512 10.86777 11.51818 11.14543 11.21282 18.56677 10.66236
11.28945 10.02857 11.21458 10.79494 11.00046 11.14989 10.49004 11.65549 10.72733 11.22841 10.90303 10.17190 10.75114 10.85806 13.98056 10.24639 11.04297 11.02067 11.33470 10.76961 10.41137 10.67296 10.56912 9.46508 11.39519 12.66774 12.71437 17.14459 11.8337 12.45017 11.77511 12.27311 12.20455 12.39801 12.35284 12.01087 12.52060 12.04218 12.12686 12.10891
11.73494 12.04782 12.15015 14.26667 12.06866 12.54381 12.31545 12.35143 12.10203 11.83273 12.0501 12.04011 11.72186 12.46031 11.46816 16.04551 12.89655 12.45447 11.07335 12.72379 11.68203 12.16107 11.74922 11.06201 12.15285 12.05032 12.60630 11.77509 11.21031 11.60318 11.62921 13.57392 10.87018 11.46502 11.60806 12.33606 11.37201 11.40247 11.42025 11.60342
10.25653 12.35996 15.84419 12.76938 12.48750 11.37525 12.71403 12.00946 12.29013 12.01996 11.48934 12.58923 12.22291 12.69095 12.07537 11.48701 11.86184 11.88567 13.63818 11.19060 11.76460 11.93368 12.49783 11.77004 11.71624 11.83172 11.69972 10.61905 12.62590 18.47364 16.95666 18.54345 17.27508 18.15864 17.46724 17.74432 18.69742 18.80187 18.30516 18.14252
18.72108 18.53275 18.23043 17.94014 13.48080 18.15990 17.73561 18.23646 17.83937 18.59946 18.81135 18.86992 17.79995 18.52025 18.24234 11.95853 11.34442 11.42996 11.87962 12.00472 12.43148 12.23345 12.86293 11.34552 11.36520 12.02752 11.39182 11.83373 12.10586 14.59674 12.11635 12.71417 12.44276 11.88262 12.23722 11.75862 11.93774 11.6714 11.66051 12.20424
11.66606 12.22046 12.08906 12.28646 12.19028 11.80794 12.34848 11.97316 12.15650 11.99182 11.59196 11.88937 11.98203 14.09634 11.84102 12.34589 12.13038 12.30692 11.93507 11.63663 11.95190 11.91083 11.48222 12.45837 11.69742 10.67878 11.25342 10.96697 10.14464 11.01784 10.82238 11.38203 10.63865 10.16036 10.62883 10.77215 13.89550 10.22111 10.89271 10.72214
11.33431 10.37535 10.24538 10.32937 10.75630 9.630385 11.25664 12.23847 12.38584 12.62016 12.38889 13.04545 11.945 11.94034 12.37416 11.71201 12.07820 12.28047 14.33796 12.22960 12.74297 12.6 12.37158 12.42426 12.03137 12.2625 11.99969 11.80506 12.67829 11.46649 11.01406 10.14214 10.50313 11.05679 11.80053 10.58306 10.60084 10.94912 10.96064 13.89583
10.69493 11.18868 10.73786 11.62598 10.34989 10.3 10.40139 11.31316 10.38861 11.13977 11.50667 10.87388 11.20634 11.54027 12.13294 11.14321 11.21622 11.46632 11.45971 13.90639 11.26985 11.73791 11.33425 11.96397 11.00532 10.90185 11.13120 11.64927 11.00294 11.66465 9.198888 9.216948 11.16284 11.91789 9.599544 10.69956 10.57393 10.35352 13.69068 10.35335
10.75779 9.942839 11.70658 9.245996 9.357723 9.883154 11.28786 10.33763 10.75112 8.001477 10.49425 11.50823 8.641414 9.843475 9.782869 9.539241 13.62324 9.38984 9.853344 8.948161 11.12675 8.177823 8.354699 8.859642 10.67106 9.337438 9.923408 10.82784 11.92313 8.388113 10.4937 10.12574 9.7207 13.58638 10.17073 10.36258 8.777367 11.46958 7.972561 8.261921
8.914594 11.43131 10.59106 9.613456 11.52136 10.71939 10.74980 10.96329 11.11054 14.06556 11.01007 11.49494 10.9948 11.47726 10.568 10.39718 10.64489 11.35588 10.74381 11.26808 11.56198 11.30147 11.55915 11.74022 14.38952 11.75604 12.25808 11.85364 11.93431 11.52513 11.23262 11.49646 11.76554 11.44535 11.99607 10.35423 10.16314 9.947757 13.86728 10.10299
10.46525 9.430101 11.34703 8.613547 8.73987 9.291807 11.03365 10.16955 10.19464 10.49637 10.54733 13.84532 10.17016 10.79884 10.42882 11.27048 10.09712 9.9421 10.15316 10.72506 9.70635 11.02979 10.61128 13.89041 10.44870 10.92903 10.40164 11.41527 9.858662 9.791136 10.19300 11.08783 10.20124 11.0706 13.75269 10.38108 10.85503 10.14602 11.62793 9.656293
9.646806 10.09200 11.12144 10.21045 10.88069 13.6791 13.79317 13.77 14.09970 13.70523 13.77190 13.88272 13.88521 13.61177 14.08868 10.40635 10.14014 11.4829 9.696339 9.715673 9.990365 10.74455 9.308358 11.02569 10.52253 11.94157 10.07605 10.15138 10.44632 11.3354 10.10284 11.37245 11.56137 9.04353 9.171765 9.638444 11.09603 10.11905 10.39135 11.22804
11.05753 11.28158 11.75081 11.20189 11.82350 8.369689 8.931503 10.87093 9.754202 9.980656 9.044706 10.69187 9.715406 10.02398 10.93971 9.850794 10.33761 10.27153 11.69132 11.02404
