0.5835681 1.472327 1.435714 1.428531 3.630631 1.265409 1.473239 1.421429 1.516667 1.243939 1.162903 1.342308 3.441189 1.396552 2.025105 0.7785714 1.504167 1.245238 2.006621 1.488172 0.941954 2.756165 1.633333 1.648485 1.585859 1.075490 1.518950 1.531720 3.455556 0.7078089 1.235341 1.543333 2.669178 1.539216 2.271569 2.372222 1.426471 1.204762 1.775 1.574409
1.471719 0.9146574 2.497399 1.089955 1.260563 1.261636 1.518779 1.370166 1.014652 1.008126 3.554589 1.373604 1.84614 0.5575117 1.256162 1.350855 1.665831 1.485961 1.002428 2.885205 1.891268 1.607394 1.021056 1.11599 1.584025 1.624867 3.553599 0.7148134 1.121415 1.768028 2.84044 1.31773 1.431234 1.348200 1.521645 1.332998 1.776408 1.006289 2.119603 3.995580
1.201258 1.162370 1.753279 1.456604 1.793310 1.636336 1.443154 1.725814 1.903383 1.698113 1.703953 1.543239 1.925202 1.777203 1.640049 1.715246 3.428343 1.906792 2.375429 1.78664 2.123751 1.892220 2.083587 2.665094 1.516955 1.719368 1.842453 2.293357 1.825527 2.241065 3.371069 1.535377 1.644654 2.528483 2.567797 3.748606 1.271339 0.9906103 1.647619 1.783333
1.623521 1.215566 1.117216 0.8033566 1.725643 1.61302 1.579365 1.520833 1.398810 1.799522 1.383308 1.73399 2.96497 2.215238 2.045996 1.505051 1.812792 1.901935 1.631848 2.063492 1.199467 1.661121 1.84127 2.660578 1.788329 2.356116 2.74127 1.386088 1.579365 2.164377 2.069629 1.067157 1.629745 1.069411 1.746893 1.776117 2.445325 2.639360 9.30773 0.8429281
2.614568 0.8448345 1.711864 1.316737 1.953912 2.108092 1.142314 2.919292 1.732881 1.699538 1.263825 0.9057827 1.673439 1.717605 6.088512 1.561930 2.200633 1.926271 2.22951 1.242473 1.192722 1.662147 1.497507 1.368241 2.229302 2.569267 2.88707 2.214157 5.004955 3.187797 3.862249 3.640333 10.34418 2.662084 2.993842 2.270592 3.456081 2.476834 3.123164 3.064690
2.255203 1.085120 2.800541 2.860360 2.384930 2.349497 2.938171 2.903807 5.325826 2.963208 3.338978 2.944505 3.627052 2.570111 2.279491 2.462162 2.840156 2.688546 2.98588 0.6585171 0.9669362 0.7113208 1.063408 0.9449178 0.7253669 1.540400 0.9701258 1.395828 0.8209793 0.956761 1.273248 1.292496 1.588152 1.947625 1.608959 2.252201 1.977702 1.675434 1.577876 1.461876
1.422601 2.240042 1.565202 1.785368 2.114214 2.209615 1.918794 1.938513 2.42348 0.932205 1.055031 1.807571 0.7695506 1.819718 1.591165 1.117901 0.9473938 1.490132 1.329165 1.263683 1.044769 1.214789 1.247736 1.727957 1.089959 1.544763 3.059031 1.174648 1.78153 1.458956 1.375173 1.335134 1.284568 1.920579 1.347287 1.551671 1.333380 1.921281 1.423281 1.574151
2.436620 1.083057 1.394702 2.304307 1.333333 1.352814 0.9506912 0.878144 1.161662 1.195484 0.9720313 0.9261905 1.077381 0.7130952 0.9181996 0.8847926 1.007553 2.390924 1.176190 1.73658 1.249351 1.016527 1.133203 0.8869432 1.213492 1.083983 1.067871 1.115714 2.278278 1.206162 1.036975 1.504762 0.9007003 0.7761905 1.878755 1.662121 1.908602 1.339316 2.988323 1.248276
2.305274 1.264286 1.7625 2.044048 1.740868 2.889247 3.337931 5.415935 2.456667 2.756818 3.258586 2.353922 3.053653 2.892473 3.522222 2.195455 2.651807 3.593333 2.574201 3.553922 3.046078 3.75 1.770588 1.145238 2.748077 0.6824047 0.7184149 0.9243486 0.7371473 1.596893 0.6640693 0.8530303 0.7029221 1.050809 1.189150 1.119540 2.782132 1.523636 0.95 0.959596
0.8247772 1.492528 0.9937439 1.815657 0.9181818 1.360679 1.783636 0.950934 1.102139 2.497861 2.425253 0.5465241 0.8359307 1.525524 0.4585057 0.6325765 1.559232 1.285933 0.7319508 1.110215 0.7894585 1.271321 1.280645 1.185577 2.607240 1.500323 1.253299 1.283073 0.846616 1.176204 1.217742 1.767025 0.7937627 1.280218 1.437097 1.439903 1.181025 2.781784 2.745520 0.9101044
1.386713 1.626861 0.503525 1.252284 0.8858596 0.6379731 1.099893 0.8477564 0.9611287 0.9757375 1.271589 2.784503 1.137778 1.168901 1.335276 1.036702 1.144480 1.142266 1.587607 0.8834499 1.280301 1.218462 1.457206 1.163097 2.752640 3.028205 0.5894922 1.423382 1.503205 3.328849 0.8770056 1.566348 1.002919 0.5812671 1.442195 1.590086 3.261293 4.457271 1.354522 2.140200
1.870971 1.503684 1.527245 1.663516 1.868365 1.414113 3.306922 1.721783 1.55017 1.778812 9.338235 9.840764 0.6494942 3.075068 1.928221 1.325295 0.752463 1.152299 0.9353448 1.408951 1.224750 1.189655 3.140282 1.236552 1.125784 0.9580286 1.126775 1.605220 1.470523 2.909962 1.213829 1.467075 1.480345 1.333845 1.306187 1.483164 1.993103 0.6092799 1.078407 1.546751
1.227396 1.388186 1.199141 1.746315 1.177052 1.705878 1.649577 1.450633 1.377445 1.094489 1.172499 1.633258 1.570437 1.343530 1.409224 1.776575 1.247595 1.711288 1.588384 2.373939 3.131224 0.9291698 1.757535 2.38778 0.9196429 0.7559524 1.045988 0.9868664 0.7824302 2.375690 1.145238 0.8679654 0.8344156 0.7233894 1.123451 1.055300 1.674603 0.7375957 1.018789 1.404762
1.121005 0.8921569 1.220728 1.264286 0.734944 0.6904762 1.304945 0.7202381 1.632991 1.390726 1.757184 3.146878 1.829167 1.547348 1.347222 1.095588 1.739726 1.258737 2.104167 1.218969 1.441767 1.85 2.007135 1.516912 2.420588 2.393056 1.150735 1.241071 2.155449 0.9722358 1.096544 1.077176 2.322912 1.312143 1.280844 1.258478 0.8147759 1.404599 0.798003 1.195437
0.9374376 1.126291 1.376071 1.720279 1.341597 1.653151 1.472421 0.8188025 0.9315476 1.150412 1.217411 1.370572 2.803882 1.595616 1.984122 1.206171 1.551437 1.835616 1.372956 1.363394 1.189578 1.613798 1.601233 1.534247 1.408703 2.281547 2.756773 1.041700 1.17955 0.9607482 0.4640341 2.22251 0.5464516 0.8575513 0.5684262 1.052815 0.4748564 0.5956989 1.184946 0.5565982
0.7209872 0.6935484 1.231109 0.2066414 0.9836812 1.425090 0.4166983 0.684255 1.184926 1.743992 0.7278161 0.8478318 0.5586904 0.821163 0.4318218 0.6570263 2.167625 0.3979182 0.4087384 0.7881609 1.214612 0.2444895 0.4807978 0.6704981 0.5634719 0.3994253 1.008621 2.655611 2.721787 2.43504 2.269285 2.462919 2.225132 1.890108 2.027007 2.159421 2.397398 3.258728 2.110548 2.176729
2.262557 2.633805 2.137558 2.19701 1.334091 0.9567677 1.338431 1.026849 1.38043 1.688889 0.8394406 0.8501205 0.98 1.140548 0.7847059 1.005882 1.94 0.9038235 1.461429 1.597692 0.8257576 0.766934 1.275996 1.233504 1.965909 0.8321678 1.24247 1.107727 1.203456 0.68623 1.516578 1.751768 0.8783422 1.104978 1.601399 1.377600 0.8432268 0.8111763 1.661616 1.007382
0.8663137 0.960303 1.183755 0.4670826 0.6127154 0.9161616 0.664587 0.7348485 1.055556 1.349449 0.9013283 1.578431 0.7710133 1.405859 0.8127451 1.568359 1.043137 1.417647 1.532680 0.8406863 0.8060224 1.564291 1.068935 1.514840 0.6244851 0.8555867 0.9339726 1.506849 0.4642224 0.9339243 1.614460 0.858884 0.8568167 1.928872 1.441756 0.842695 0.9700738 0.621828 2.002209 0.7047438
1.321316 1.326882 0.5131246 0.8183564 0.7819479 1.456682 2.286479 1.577778 1.101979 1.721242 5.266993 5.483333 1.525327 2.313492 1.720085 0.7944646 0.9006993 1.207587 0.6459893 1.139613 1.471639 0.8771082 0.8020313 1.281469 1.043614 1.587473 0.766265 1.574628 1.717001 1.025337 0.7246127 1.488184 1.602740 0.8629412 1.24 1.65 0.4220588 1.23 1.319615 1.412973
2.244319 2.970015 1.255238 1.845890 1.631322 0.4294118 0.7718954 0.575 0.6752101 1.184729 0.8045752 1.232353 0.8781513 1.915045 1.621078 1.187302 1.775427 1.051120 1.278281 1.233059
