0.4837463 1.414352 1.283730 0.4610797 2.782282 1.069717 1.10199 1.192842 1.696485 1.111493 0.6214597 0.7730496 1.518519 1.267781 1.638486 0.5496838 1.116710 1.034416 1.921717 1.266123 0.785575 2.734998 1.609954 1.448461 1.47534 0.755926 1.438003 1.312899 3.071549 0.6067948 1.050609 1.350097 2.634605 1.25061 1.331155 1.427778 1.177249 1.123457 1.836735 1.542341
1.276914 0.7141812 2.311362 1.011379 1.075593 1.190371 1.624009 1.113550 0.5079701 0.5090311 1.627764 1.351563 1.589928 0.5053518 1.017484 1.204323 1.573905 1.287619 0.943582 2.892906 1.854466 1.464072 0.9609822 1.008273 1.515900 1.463657 2.810661 0.6336074 0.9426185 1.634002 2.713841 1.224443 1.231062 1.128018 1.330022 1.254463 1.829540 0.9017857 1.203919 3.162444
1.050858 0.8959888 1.544071 1.677613 1.768363 1.465074 1.244902 1.252701 1.697548 1.472373 1.569868 1.432655 1.790487 1.868371 1.482153 1.521747 3.395306 1.96875 2.185366 1.604379 1.931667 1.884511 1.966595 2.661932 1.549342 1.42637 1.635417 2.164956 1.611465 1.319485 2.541667 1.326885 1.42554 2.645621 1.541011 2.737693 1.268732 0.8164979 1.491071 1.850484
1.639451 1.213060 1.086816 1.071539 1.548910 1.521869 1.448824 1.514120 1.468329 1.951028 1.306131 1.501305 2.792043 2.190476 1.886941 1.447704 1.645 1.850543 1.562295 2.388799 1.191729 1.301614 1.702162 2.647255 1.633715 1.279727 1.693651 1.417659 1.311618 2.225765 2.069629 0.7008973 1.096635 0.9778357 1.898305 0.6466888 0.7720173 0.79066 0.8556183 0.5880456
1.406166 0.6186441 0.6886086 0.7966901 1.336415 1.401031 0.9826048 2.849764 1.352048 1.152440 1.167762 0.7166102 1.154876 1.123612 2.553159 0.9168472 1.069712 1.449955 1.429674 1.080585 1.192722 1.645480 0.798628 1.039757 2.009858 2.24395 2.375824 2.124047 4.971522 2.094920 2.241123 1.802089 2.38672 2.422307 1.833137 2.050209 2.49581 1.957292 2.323505 2.362502
2.094990 1.033670 2.436374 2.324216 2.28861 2.195135 2.441050 2.315005 1.755119 2.355449 2.216309 2.472926 2.916768 2.411393 2.279491 2.445495 2.148863 2.364031 2.536955 0.6335967 0.9313725 0.6641741 0.981066 0.7745098 0.6077736 1.233842 0.9244606 1.378517 0.8180297 0.9284846 1.285146 1.423351 1.647699 1.865841 1.576963 2.221405 1.942594 1.678038 1.568301 1.406650
1.442416 2.471777 1.569537 1.572634 2.111386 2.207492 1.90834 1.580392 2.061765 0.9439776 0.923021 1.868347 0.8002296 2.219707 1.576089 0.9827334 0.8242299 0.9447208 1.113195 1.203115 1.046596 1.178584 1.201704 2.323609 1.151237 1.372785 2.970055 1.094527 1.755979 1.473652 1.443582 1.283366 1.333848 2.130936 1.257715 1.107289 1.323331 1.925373 1.474126 1.035996
1.908706 1.096660 1.172102 2.798051 1.436685 1.318101 0.8578431 0.7520458 0.6134853 1.107301 0.8880992 0.9092402 1.021020 0.629717 1.071678 0.9274476 0.9409582 2.390032 1.116987 1.693234 1.241562 1.055962 1.051421 0.9011936 1.283217 0.96678 0.7301106 1.077935 2.286309 1.225127 0.9441176 1.396154 0.8940781 0.6587132 1.943878 2.001485 1.756813 1.078435 2.005964 1.552347
2.635716 1.480364 2.142885 2.172450 1.619029 2.971258 3.400188 5.428127 2.736758 3.250255 3.33747 2.677966 3.475682 3.115430 3.511171 2.315152 2.756733 3.678501 2.831141 3.596164 3.099601 3.737759 1.961394 1.206633 2.751124 0.7497473 0.7411713 1.185058 0.3788888 1.633199 0.5401056 0.796092 0.6176328 1.434708 1.232139 0.8674263 2.664198 1.519115 0.8273506 0.8500947
0.7306186 1.473480 0.9637398 2.14761 0.8447795 1.039931 1.798264 0.9316818 0.9925304 1.429351 1.301088 0.4831451 0.6058292 1.921628 0.4808093 1.402687 1.04633 1.341432 0.5571497 1.135887 0.7818165 1.372549 1.179693 0.6993464 2.206131 1.455882 1.081148 1.128151 0.6978431 1.023018 1.091616 1.688948 0.5628409 0.7144104 1.327245 1.389377 1.038276 1.098039 0.9964052 0.9103641
0.949891 1.786515 0.7575519 0.7384673 0.930774 0.5023352 1.214003 0.838318 1.075113 0.8746466 0.7673261 2.433073 1.003989 1.016534 1.186496 0.9351064 0.9850447 1.073001 1.847195 0.7369221 0.6742203 1.120381 1.462687 1.011084 0.8642053 1.139835 0.5864573 0.951668 1.640686 0.8030154 1.276436 0.856218 1.262848 0.7545423 1.239057 0.8441682 1.272255 2.973668 1.123457 1.897962
1.181406 1.370370 1.305421 1.044274 1.998878 1.105124 1.323736 1.430019 1.601069 1.567827 0.8968773 1.995679 0.7936508 0.691358 1.773998 1.025907 0.7086121 0.8670508 0.8142845 1.501609 0.9916455 1.120012 3.208749 1.108407 0.9767566 0.9230179 1.063982 1.470950 1.280948 1.987932 1.181283 1.21442 1.347182 1.105006 1.192518 1.234461 1.720895 0.4004074 0.9756364 1.812353
1.187169 1.417931 1.120659 2.328063 1.119591 1.413679 1.440240 1.339674 1.335953 1.021295 1.141159 1.594203 1.547226 1.332675 1.342160 1.266677 1.196796 1.686567 1.520090 1.141688 1.902657 0.9613527 1.420827 2.925466 0.9047079 0.671307 1.361050 1.003667 0.7025389 2.375888 1.079268 0.7870996 0.807118 0.7056098 1.052846 1.055228 1.849224 0.6609206 0.7635316 1.372657
1.053149 0.8737403 0.9954089 1.019106 0.7022842 0.575128 1.562967 0.6752962 2.295278 1.387787 1.503536 3.034516 1.760174 1.421827 1.258246 1.027558 1.684024 1.225207 2.342495 1.144693 1.022459 1.786169 1.996703 1.460590 1.426402 1.416796 1.114526 0.9102785 2.7729 1.113636 1.072272 0.9276454 2.222415 1.216195 1.148954 1.236956 0.729151 1.308518 0.7360117 1.265437
0.8788835 0.8234686 1.278203 1.673683 1.268472 1.130577 0.9513627 0.8244984 0.7466224 1.215345 1.396270 1.194577 2.704929 1.782197 2.554399 1.237322 2.030909 2.241765 1.687043 1.757576 1.328720 1.346306 1.733174 1.892356 1.509889 1.582353 1.994444 1.322511 1.014029 0.971243 0.2345724 2.067120 0.4329837 0.8223102 0.5544456 1.105734 0.4091416 0.6220561 1.468531 0.4835954
0.3847351 0.6870077 1.292036 0.1987354 0.2241053 0.651554 0.3887224 0.4756108 1.298844 1.726109 0.6100146 0.7441697 0.4994928 0.7166082 0.3175693 0.4855818 1.366029 0.2627402 0.3512577 0.6631579 1.078729 0.1423119 0.3109047 0.4833333 0.3496241 0.3814165 1.030075 2.602189 2.642329 2.478074 2.198734 2.386626 2.106613 1.337169 1.942015 2.089865 2.313824 3.246410 2.064921 2.103537
2.188115 2.534860 2.143069 2.202661 1.225904 0.892432 1.27875 0.9846014 1.314655 1.498106 0.7699718 0.5476598 0.8710526 1.016169 0.7050898 0.6183824 1.554167 0.8015873 1.340278 1.760204 0.7732973 0.7063855 1.222106 1.214513 2.197152 0.7316333 0.9953375 1.114141 1.205539 0.5895679 0.9722183 1.165529 0.8587684 0.9706976 2.096631 1.447245 0.7633097 0.7988506 1.794527 0.9920784
0.6005382 0.9360365 1.115976 0.4518514 0.5113445 0.7844104 0.6638322 0.6443689 1.015306 1.272899 0.9189655 1.909091 0.6008271 1.058562 0.7910526 1.556866 1.064311 1.227059 1.323889 0.8884127 0.6559259 1.872449 1.026987 1.671278 0.547946 0.5342962 0.8344775 1.485399 0.3519917 0.3947144 1.073671 0.847136 0.6935051 2.231884 1.738245 0.7813067 0.7070934 0.6060496 2.095042 0.7026636
0.7065585 0.679885 0.4811166 0.6428267 1.003519 1.805366 1.391345 1.835885 1.398915 1.874524 1.678610 1.842929 1.664502 1.653760 2.148423 0.5776342 0.8135338 1.184435 0.4873711 0.4624945 0.7941938 0.8717627 0.6638355 1.341568 0.8210887 1.401809 0.3723033 0.3892425 0.5336377 0.6075234 0.6970658 1.586455 1.632993 0.8153798 0.7473684 1.119591 0.3697577 1.113060 1.387325 1.331486
1.473924 2.233250 1.243900 1.768012 1.948218 0.2551603 0.582668 0.5448627 0.5298292 1.158499 0.7879085 0.5183007 0.5315904 1.602281 0.879365 0.824074 1.346372 0.8156966 1.492063 1.325649
