10.29843 11.85648 11.14286 11.97458 12.15215 10.59114 12.43781 10.85043 10.91839 12.61741 10.60131 10.68164 12.59625 12.82661 12.40097 11.37579 12.70629 11.67051 11.55275 11.59363 11.22980 12.01594 11.98920 12.89915 11.86262 11.77963 11.82394 11.74713 11.89394 10.81871 11.02435 11.51423 12.37313 11.39432 11.71590 11.66420 11.73751 10.59168 11.90098 11.96103
10.52518 12.02134 11.59272 9.865613 12.70675 10.01128 10.58200 12.64452 9.487163 9.850452 13.09122 13.30999 12.36378 10.73890 12.93291 11.05749 11.13288 10.89631 10.26934 11.15764 11.74326 12.97044 11.20779 11.26504 11.29350 11.16133 11.35284 9.876183 10.04893 10.69769 12.08740 10.51114 11.08286 10.86467 11.32865 9.56426 11.39201 11.86012 12.15219 13.08446
11.52070 12.12189 11.97155 11.13277 12.66022 12.13644 11.75887 11.96142 12.14786 12.48068 12.28201 12.45155 12.61164 12.06313 12.68998 12.71467 13.50738 12.40191 12.91265 12.86310 12.605 12.69988 12.68295 12.59470 12.13503 12.41153 12.81140 12.74689 12.7999 12.75245 12.89954 12.29993 11.89918 12.74107 12.30660 12.22812 10.52031 12.48507 10.60474 10.58535
12.55007 10.28782 10.29939 12.68695 12.87832 12.22153 11.27308 12.75748 11.62197 11.49188 11.40559 11.03383 12.14840 12.04985 12.90404 11.82362 11.61214 11.77070 11.55706 11.69805 10.43609 10.78865 11.43910 12.29584 11.39671 11.64118 11.64405 11.48356 10.04894 11.93477 12.65705 11.87958 12.42854 12.16835 11.79833 12.78071 12.34148 12.11360 12.1674 12.57282
12.71186 12.43324 12.72448 12.49504 12.19979 12.44068 12.34344 12.68242 12.41808 12.97509 12.55214 12.59525 12.55441 12.51958 12.67720 12.21741 12.32366 12.45566 12.82848 12.36953 12.43111 12.60942 12.49731 12.2172 12.45797 11.85009 13.54390 11.54513 12.15926 13.22615 11.70226 11.80449 12.89067 13.91087 12.98982 12.15931 13.88142 11.49864 11.46396 10.34814
9.802329 7.520299 12.04148 13.36373 10.28732 12.07081 11.59237 11.03407 11.42465 10.88282 10.67537 10.15619 12.39909 9.859578 10.4655 10.75445 12.22994 11.36959 10.65968 12.26710 10.16384 10.04863 12.37477 9.93086 9.917536 12.33745 12.70762 12.02567 10.92444 12.51376 11.30577 11.01693 11.12418 10.71070 11.6967 11.77437 12.81975 11.45415 11.40261 11.45799
11.29832 11.45781 10.13991 10.39695 11.05476 12.05365 10.96251 11.29581 11.29651 11.19805 9.751957 11.5813 12.61151 11.89704 12.81766 12.77275 12.4322 12.17210 12.36428 12.62881 12.76083 12.49427 13.07280 12.74107 13.19716 13.31658 14.01653 12.76772 12.93688 13.40413 12.90060 12.96431 13.06365 13.08752 12.809 13.02300 13.33056 13.10136 13.36089 13.13960
13.40315 12.70149 12.62650 13.28846 10.41900 12.50981 9.749246 9.819354 12.77315 13.09624 12.10047 10.81004 12.80792 10.95102 10.99038 10.77790 10.20417 11.17892 11.66987 12.88218 11.11234 11.11231 11.26380 11.00608 11.16084 9.814416 9.992887 10.61468 12.01277 10.56904 10.97545 10.92885 11.07219 9.5514 11.35302 12.16407 10.47607 10.19726 11.59845 12.03315
11.80054 11.11906 12.16200 11.43924 10.92886 11.43001 11.18733 12.30551 11.67761 12.62630 11.77871 11.52847 11.76345 11.53770 11.56009 10.49751 10.83643 11.48118 12.08576 11.49985 11.59262 11.69774 11.24509 10.06549 11.67970 12.57176 12.38057 12.68907 12.89061 12.9241 12.73246 12.99161 12.90401 12.67338 12.85271 12.80641 13.36937 12.89884 13.15812 13.05118
12.83093 12.91887 12.86171 12.97704 12.50965 12.69785 12.94118 13.05647 12.93493 12.90018 13.05349 12.71510 12.39506 12.97012 9.503963 13.35524 13.50347 12.15416 10.61621 12.9487 10.98113 11.19935 10.73022 10.04913 11.2603 11.81127 12.94059 11.21859 10.98275 11.14052 10.92822 11.19430 9.51032 9.787268 10.58731 12.01536 10.49812 10.96390 10.84946 11.07096
9.092593 11.51781 12.79774 12.97420 11.97132 10.72911 12.67739 11.15897 11.08704 10.86713 10.36444 11.63008 11.75443 12.80723 11.33098 11.09128 11.26025 11.04353 11.24468 9.69317 10.00131 10.79686 11.98793 10.77742 11.12015 11.11655 10.92148 9.282637 11.60769 11.94537 12.61317 12.93406 12.51967 12.81260 12.19024 12.81257 12.97004 13.14963 12.48071 12.89900
12.84121 13.02370 12.97871 12.89598 12.92200 12.91015 13.03797 12.97427 12.91616 12.96008 12.77647 13.11180 12.74152 12.96327 12.54321 12.96281 13.15821 12.62112 13.36158 12.8513 13.72931 14.01594 14.68987 12.91353 13.06216 13.82694 13.38743 13.56470 13.64602 13.34393 13.45246 13.71033 13.95594 13.23735 14.01712 13.78303 13.86146 13.04060 13.26101 13.43580
12.46235 12.81800 12.63344 12.45784 12.52833 12.41097 13.01284 12.69475 13.06181 12.79111 12.50580 12.56984 12.51658 12.68182 12.08325 12.28301 12.57727 12.87757 12.59151 12.51714 12.79372 12.44375 11.95616 12.85714 12.94782 11.59848 11.64597 11.52840 11.08929 11.91950 12.08638 12.99148 11.83462 11.69683 11.81407 11.68321 11.82373 10.74253 10.92332 11.43235
12.35639 11.36264 11.65538 11.61572 11.74042 10.51310 11.92185 13.26393 13.00599 13.53098 13.63362 14.38505 13.06153 13.10955 13.72864 13.07721 13.22818 13.33066 13.32452 13.06260 13.28783 13.64480 13.32801 13.69489 13.46539 13.65452 12.94500 12.85042 13.58757 11.43682 11.11209 10.55760 10.85019 11.90723 13.10559 11.26896 11.72226 11.73517 11.44340 11.62950
10.78047 10.80370 10.957 12.29104 10.81725 11.22053 11.18784 11.94310 10.82029 11.31382 11.12958 10.73002 10.99875 11.84848 13.01223 11.21166 11.86485 11.80523 11.48642 11.62534 10.84518 10.91324 11.04960 12.16621 10.91789 11.26435 11.34882 11.78018 10.87823 11.26190 9.017953 8.92414 11.67235 12.98728 9.73473 11.46140 10.93301 10.36074 11.28322 9.9317
9.832982 9.60243 12.07557 9.119928 9.753846 10.16791 11.58508 10.30786 10.44156 8.085054 11.39876 12.98471 9.216762 11.01240 10.51665 9.873227 10.85141 9.268566 9.137026 8.93081 11.80641 8.452323 9.221328 9.570435 11.29425 9.662985 9.941879 11.69528 13.42962 8.845583 11.62671 10.81673 9.980867 10.65104 9.994956 9.581758 8.621386 12.12923 8.109376 9.03373
9.51526 12.06319 10.85912 9.494381 12.98368 11.82483 12.20167 12.08182 11.96911 12.12311 11.54276 11.58019 11.66689 12.38899 11.50287 11.72181 11.85556 12.27745 11.61291 11.82823 13.19763 13.01639 12.99948 13.02617 13.20537 12.83604 12.97615 13.09334 13.16849 13.0202 12.96981 13.17791 13.03538 12.81243 13.13253 11.79235 11.18064 10.57946 11.41234 10.33570
10.12238 9.749893 12.23279 9.223482 9.906062 10.29082 11.87091 10.81563 10.46397 11.82754 11.63011 11.95636 10.90767 11.03110 11.34526 12.45642 11.31078 11.54682 11.65844 11.89952 10.81901 11.92735 11.32201 11.90053 10.82739 10.82460 10.91365 12.29764 10.63187 10.97323 11.28905 11.95468 10.94042 11.60899 11.60658 10.40161 10.38758 10.28179 12.30297 10.04398
10.49006 10.83436 11.73508 10.60423 11.03988 10.96548 11.01993 11.20909 12.36974 11.08846 11.44545 11.48081 11.97980 10.95567 11.61874 9.449428 9.847883 11.83358 9.64486 10.1839 10.3264 10.96969 9.2018 10.79975 9.694953 11.91811 9.427241 10.03231 10.21172 11.13623 9.494588 10.69416 12.05640 9.08024 9.75839 10.09158 11.51913 10.23743 10.20473 11.94611
12.11905 12.24925 12.48590 11.85001 12.24307 9.276435 9.683633 11.54558 10.14039 10.03654 10.32693 11.73856 10.61351 10.59904 11.87901 10.60151 10.76304 10.80267 12.06932 11.16578
