10.24343 11.78742 11.52646 11.09633 11.69520 10.63208 11.54789 10.50190 10.765 12.27697 11.64973 11.89687 17.7043 11.83161 12.20802 10.89206 12.11875 11.51518 11.89498 11.7557 11.13238 11.91390 11.52067 11.98939 11.51094 11.07026 11.38402 11.57384 14.05370 11.0676 11.62028 11.57 12.02466 11.25471 11.16980 11.24556 11.49951 10.575 11.98654 11.39118
10.59513 10.48448 10.72986 9.431748 11.15116 9.145137 9.857042 11.86031 10.49648 10.99470 18.63993 11.61085 11.74559 9.736922 11.78756 10.51861 11.15532 10.78701 9.826048 10.80803 10.77268 11.49600 10.45988 10.02057 10.42774 10.62881 13.84703 9.825864 10.51943 10.46423 11.33494 10.01881 10.07158 10.01080 10.65079 9.132964 11.16617 11.92273 11.15478 12.24341
11.20541 11.2692 11.23270 10.80189 12.25283 12.51278 12.46896 17.63712 11.30742 12.17722 11.46631 11.89072 12.08255 12.13078 12.38491 12.06658 12.81114 11.72453 11.93568 12.11759 11.57455 11.90178 12.10834 14.32809 11.86990 12.43487 12.35132 12.1954 12.13296 11.79489 12.04193 11.81382 11.4115 12.46408 11.54130 11.90448 10.71419 11.70803 10.43749 10.62963
12.3215 11.47952 11.68010 17.37772 12.01888 12.15310 10.94558 12.25397 11.59580 11.95086 11.70958 11.10345 12.16301 11.70794 12.1158 11.61905 11.06069 11.47075 11.53200 13.91623 10.88534 11.56454 11.63175 12.07784 11.39253 11.24743 11.37143 11.40686 10.26039 12.14408 10.88029 10.55165 10.60540 10.40678 10.34266 11.62496 12.11290 12.17645 18.73356 10.65532
11.6711 10.65738 11.34675 11.12303 11.42443 11.37802 10.81502 11.17789 10.81661 11.14811 10.86766 10.63975 10.93778 11.14471 14.30697 11.12303 11.68113 11.20288 11.47643 10.82293 10.52881 10.81902 11.13547 10.77885 11.36278 11.0872 11.73937 10.38988 11.17027 12.20475 12.11189 12.39393 18.84702 12.02625 12.11335 10.86015 12.46171 10.70319 11.27286 10.05766
9.088123 6.93897 10.83495 11.65745 9.314496 10.53948 10.46353 10.27492 13.86086 10.51055 10.85651 9.702342 11.42219 9.108214 9.177954 9.631031 11.27650 10.59653 10.26802 10.94924 9.432764 9.568134 11.77015 10.88314 11.11197 18.31286 11.31577 11.57456 10.05061 11.58307 10.85703 11.18773 11.06545 10.31345 11.35269 10.96 11.51329 10.80954 10.27019 10.67683
10.83871 13.87596 10.15244 10.87497 10.85912 11.43069 10.51913 10.37558 10.5297 10.67157 9.42318 11.45767 10.90034 10.53333 11.80026 12.34121 12.30649 17.88854 10.77076 11.73614 11.08820 11.38263 11.68662 11.84488 11.99055 11.68706 12.32434 11.27493 11.37324 11.67207 11.09749 11.43083 11.66682 14.19718 11.62730 12.19481 11.94873 11.81516 11.71466 11.28252
11.60407 11.41052 11.17673 12.06961 9.43873 11.58234 10.46206 10.75376 18.68538 11.26601 11.34804 9.537415 11.53214 10.15816 10.79452 10.40418 9.428243 10.48127 10.47276 11.23788 10.07783 9.609337 10.14977 10.22284 13.61799 9.478521 10.20734 10.08571 11.06067 9.748683 9.661625 9.765926 10.19482 8.813832 10.86685 11.51455 11.13952 11.20627 18.53774 10.66149
11.28523 10.02778 11.21111 10.79315 10.99726 11.14731 10.48946 11.65517 10.72667 11.22652 10.90269 10.17124 10.74977 10.85591 13.96759 10.24452 11.03896 11.019 11.33196 10.76902 10.41137 10.67296 10.56667 9.463889 11.39327 12.65396 12.69635 17.08107 11.82759 12.43682 11.77143 12.26212 12.19627 12.38879 12.34651 12.00742 12.51855 12.03636 12.11777 12.10735
11.73351 12.03736 12.14428 14.23232 12.05391 12.52059 12.30964 12.34022 12.10075 11.83273 12.0501 12.03235 11.71537 12.44983 11.45644 16.03095 12.88737 12.44385 11.06893 12.71505 11.67209 12.15488 11.74589 11.05608 12.14956 12.04290 12.59402 11.77322 11.20999 11.58838 11.62470 13.54973 10.84785 11.42382 11.60081 12.32125 11.37173 11.40247 11.42025 11.59725
10.24443 12.34321 15.79901 12.75950 12.47257 11.37017 12.70192 11.99756 12.28076 12.01390 11.48276 12.58570 12.21402 12.67657 12.07312 11.48601 11.84498 11.87887 13.60019 11.16598 11.71888 11.92462 12.48004 11.76913 11.71624 11.83172 11.69093 10.60562 12.60733 18.42859 16.91224 18.52267 17.23852 18.11189 17.44311 17.73287 18.66742 18.78550 18.27025 18.08309
18.71227 18.53269 18.1588 17.92127 13.38314 18.05027 17.52603 18.20159 17.76773 18.5994 18.81135 18.86992 17.77414 18.45814 18.15865 11.95242 11.34360 11.42529 11.87731 12.00024 12.42747 12.23256 12.86266 11.34345 11.36226 12.02708 11.39080 11.83089 12.10252 14.57663 12.11370 12.70794 12.44017 11.87837 12.23631 11.75862 11.93774 11.66772 11.65866 12.20192
11.66275 12.21150 12.08092 12.27917 12.18506 11.80372 12.34626 11.96709 12.14730 11.99028 11.59097 11.87897 11.97659 14.0654 11.82544 12.31600 12.12380 12.29478 11.93418 11.63663 11.95190 11.90432 11.47318 12.44620 11.69494 10.67687 11.25114 10.96498 10.14381 11.01754 10.82095 11.37987 10.63829 10.15990 10.62655 10.77035 13.88492 10.21845 10.88698 10.72048
11.33138 10.37493 10.24538 10.32937 10.75420 9.628685 11.25458 12.23177 12.38014 12.61586 12.38530 13.04376 11.94 11.93229 12.37290 11.71119 12.06906 12.27599 14.3125 12.21707 12.71787 12.59458 12.36130 12.42353 12.03137 12.2625 11.99418 11.79762 12.66867 11.46062 11.00956 10.14029 10.50213 11.05357 11.79566 10.58252 10.59979 10.94398 10.95661 13.87202
10.68856 11.17577 10.73411 11.61937 10.34895 10.3 10.40139 11.30882 10.38478 11.1341 11.50349 10.87057 11.20471 11.53589 12.12578 11.14211 11.21569 11.45806 11.45618 13.88661 11.25817 11.71480 11.32959 11.95496 11.00483 10.90185 11.13120 11.64484 10.99609 11.65569 9.196366 9.215532 11.15948 11.91246 9.598697 10.69930 10.56739 10.3513 13.67849 10.34360
10.74038 9.939613 11.70004 9.245769 9.357723 9.883154 11.28482 10.33257 10.74392 8.001225 10.49287 11.50679 8.641066 9.8428 9.781294 9.537264 13.61111 9.38767 9.851683 8.946897 11.12470 8.177214 8.354699 8.859642 10.66861 9.337028 9.922082 10.82708 11.92213 8.387923 10.49333 10.12470 9.719554 13.57941 10.16972 10.36092 8.776552 11.4682 7.97223 8.261921
8.914594 11.42993 10.59061 9.612792 11.51773 10.71879 10.74902 10.96 11.10753 14.04778 11.00531 11.48530 10.992 11.47233 10.56729 10.39718 10.64489 11.35235 10.74095 11.26385 11.56107 11.30013 11.55479 11.73558 14.36174 11.74889 12.24767 11.84977 11.92808 11.52393 11.23262 11.49646 11.76019 11.4421 11.99060 10.35403 10.16217 9.946997 13.86279 10.10179
10.46282 9.429394 11.34579 8.613369 8.73987 9.291807 11.03283 10.16883 10.19357 10.49476 10.54691 13.84314 10.16770 10.79412 10.42804 11.26887 10.09712 9.9421 10.15316 10.72448 9.704949 11.02790 10.60569 13.85693 10.44200 10.91715 10.39699 11.40814 9.857212 9.791136 10.19300 11.08179 10.19733 11.06454 13.73955 10.37296 10.84156 10.14323 11.62233 9.655914
9.646806 10.09200 11.11828 10.20661 10.87490 13.63015 13.71017 13.75333 14.06621 13.70327 13.77190 13.88272 13.86724 13.58796 14.05342 10.39119 10.13385 11.47255 9.694118 9.715673 9.990365 10.73540 9.303863 11.01896 10.51434 11.92771 10.07179 10.15138 10.44632 11.31804 10.10112 11.36411 11.55671 9.042824 9.171765 9.638444 11.09221 10.11690 10.38731 11.22659
11.05753 11.28158 11.74376 11.19798 11.81639 8.369689 8.931503 10.87042 9.752941 9.97896 9.044706 10.69187 9.715406 10.02398 10.93971 9.850794 10.33761 10.26628 11.68396 11.02198
