8.965361 10.11883 9.624339 10.10703 10.77244 9.24885 10.14096 9.360043 9.59887 10.49332 9.059913 9.182033 10.73205 10.73058 10.31938 9.673893 10.41085 10.13417 10.20763 10.20409 10.00628 10.94749 10.26003 10.66577 10.48866 9.91074 9.974772 10.10260 10.21212 9.46533 9.665398 10.22846 10.49751 10.13639 10.18867 10.27284 9.932687 9.20942 10.65986 10.32644
9.232528 10.27911 10.52978 8.793154 10.43853 8.807139 9.468845 10.61277 8.262943 8.624981 11.26867 11.21194 10.39078 9.267942 10.67157 9.784037 10.03924 9.824018 9.430182 10.52390 10.19484 10.80888 10.15783 9.607338 9.67407 9.787646 9.910399 8.851193 9.035873 9.762514 10.38419 9.62564 9.8573 9.795204 9.715656 8.500044 10.44428 10.16964 10.23340 11.43544
9.97086 9.876244 10.24119 9.70339 10.51203 10.28309 10.03014 10.18416 10.19100 10.33696 10.38669 10.18702 10.85259 10.55492 11.01603 11.11501 12.00264 10.55382 10.65512 11.22385 10.54167 10.63647 10.79262 10.74053 10.47462 10.72517 11.19298 10.75249 11.18513 10.94020 11.21296 10.36739 10.22582 11.26913 10.48396 10.89254 9.222222 10.23401 9.157967 9.312954
10.47091 8.784664 8.842705 10.87346 10.83502 10.18219 9.612805 10.50415 10.12702 10.19481 10.05769 9.848997 11.11765 10.36458 10.71256 10.49617 9.782143 9.960663 9.953202 10.06331 9.122449 9.469423 10.19323 10.46375 10.17857 10.15336 10.29286 9.72449 8.707231 10.73797 10.88029 10.18112 10.04452 10.31454 10.17897 10.50253 10.41176 10.26217 10.18121 10.40723
10.46401 10.42952 10.34056 10.62056 10.51489 10.65450 10.65388 11.09413 10.43397 10.61487 10.77447 10.45254 10.41243 10.53400 10.68413 10.45559 10.54156 10.73988 10.71313 10.65807 10.52881 10.81902 10.43193 10.43733 10.83397 10.73768 11.24620 10.29747 11.02061 11.16003 10.41053 10.53287 11.06084 11.81456 10.97036 10.63722 11.58517 10.17695 10.34726 9.223335
8.896686 6.814973 10.45308 11.15489 9.20546 10.35027 9.910693 9.604225 9.954136 9.79706 9.603974 9.16036 10.65403 8.912553 9.177954 9.631031 10.58416 10.24825 9.672182 10.07258 8.91918 8.985266 10.38448 8.61707 8.656793 10.64327 10.75204 10.06706 9.42388 10.31038 9.996547 9.94078 9.991316 9.767305 10.93398 10.23938 10.68651 10.35828 9.699739 9.784787
9.867929 10.00297 9.042508 9.298684 10.03412 10.35333 9.98231 9.998155 10.15832 9.588028 8.623094 10.61651 10.27583 9.812294 10.28281 10.36289 10.11019 9.906394 9.9823 10.12762 10.35056 9.931274 10.74683 10.56264 10.89782 11.05089 11.79681 10.40858 10.36648 11.09519 10.40119 10.44646 10.63853 10.66486 10.52587 10.71028 11.07431 10.64068 11.08374 10.76207
11.10282 10.26344 10.33462 11.13646 9.158735 10.38442 8.330317 8.422259 10.87797 10.95150 10.02369 9.183161 10.47674 9.509978 9.739802 9.514658 9.1417 10.29978 9.986779 10.63021 9.881868 9.303462 9.48718 9.460654 9.573427 8.589213 8.777266 9.47247 10.18111 9.467642 9.562217 9.667521 9.32906 8.292972 10.22331 10.24812 9.097375 8.928237 10.07366 10.25829
9.88848 9.61761 10.05124 10.12152 9.899332 10.26194 10.16335 11.43574 10.18856 10.55585 10.65669 9.809492 10.06387 10.07637 10.11556 9.354403 9.675876 10.39929 10.41842 10.44819 10.24885 10.51488 9.664783 8.898514 10.72778 10.38549 10.26080 10.48339 10.53827 10.50979 10.49283 10.46799 10.77164 10.69103 10.78307 10.81232 11.45433 10.68127 10.64961 10.97991
10.48392 10.56567 10.63183 10.73477 10.46229 10.63141 10.93478 10.72873 10.92228 10.73814 10.98465 10.42464 10.33270 11.03892 8.066124 11.30937 11.20441 10.04632 8.96174 10.56133 9.505364 9.846702 9.440697 8.989795 10.3947 10.06699 10.65698 9.931873 9.177255 9.369139 9.372098 9.544563 8.272004 8.56433 9.437564 10.13813 9.391335 9.548097 9.569717 9.269686
7.814573 10.31673 10.91227 10.84203 9.900093 9.092372 10.35972 9.703131 9.819149 9.582503 9.274232 10.71734 10.06693 10.56627 10.07273 9.277234 9.475486 9.483248 9.640232 8.447128 8.761003 9.630235 10.15243 9.648745 9.689362 9.833097 9.169368 8.00394 10.45875 10.00393 10.39649 10.90184 10.22969 10.9024 10.55256 10.95588 11.14649 11.39233 10.53189 10.58902
11.01663 10.82642 10.77008 10.84234 10.92817 11.06006 11.14882 11.15140 10.81887 11.12871 10.78431 11.23841 10.69587 11.10654 10.91534 10.59792 10.90762 10.22021 11.21322 10.95817 11.60567 11.89391 12.60799 10.75996 10.62309 11.73614 10.99292 11.15173 11.35998 11.13113 11.32850 11.54710 11.8517 10.95179 11.8937 11.53982 11.72370 10.79829 11.13580 11.53170
10.27925 10.33839 10.55319 10.48968 10.51464 10.48801 11.17391 10.51510 10.60590 10.75969 10.23130 10.29196 10.35249 10.47826 10.09851 10.28311 10.63310 10.59745 10.64567 10.42455 10.78551 10.19301 9.953122 10.95593 10.55020 9.93051 10.13119 10.00239 9.732706 10.71480 10.22104 10.66089 10.31608 9.726585 9.863203 9.921222 10.00887 9.254906 9.436017 10.01463
10.35967 9.970498 10.00746 10.09350 9.808943 8.995784 10.51667 10.94427 10.80902 11.23825 11.38012 12.17751 10.70446 10.56262 11.41837 10.60419 10.73677 10.92275 10.90486 10.78895 10.98694 11.39976 10.87817 11.42821 11.10479 11.36279 10.51347 10.56675 11.42383 10.11721 9.780578 9.414322 9.877299 10.18986 10.86201 9.957547 9.887547 9.92699 9.848623 9.986278
9.48787 9.515379 9.74141 10.43143 9.636086 9.750943 9.858071 10.16128 9.49569 10.11147 9.980504 9.751728 10.19419 10.31818 10.86966 10.12075 10.13030 10.09969 10.03239 10.18044 9.722488 9.788294 10.00128 10.46359 9.908547 9.936898 10.19057 10.17677 9.728395 10.30489 8.105345 8.210941 10.07401 10.78827 8.625232 9.74993 9.258539 8.928221 9.790846 8.83916
8.75285 8.598454 10.32502 8.16331 8.464665 9.034188 9.925297 9.177933 9.430712 7.677548 9.933967 10.85380 8.32653 9.462807 9.01534 8.63709 9.523658 8.410676 8.30121 8.175192 10.18469 7.758098 8.150396 8.664198 9.771466 8.759656 9.135219 10.3601 11.36297 8.15952 10.21380 9.461567 8.915685 9.4813 9.341867 8.95795 8.081213 10.62894 7.64231 8.150484
8.809353 10.67279 10.15541 8.881878 10.67068 10.24001 10.18417 10.07548 10.14368 10.27462 9.974624 10.00114 10.15702 10.37935 10.00973 9.997059 10.25509 10.32937 10.02109 10.38138 10.97111 10.61133 10.58250 10.70101 10.84228 10.66419 10.78280 10.95523 10.76245 10.86963 10.70446 10.98420 10.64773 10.62532 11.04573 10.06418 9.494824 9.155759 9.963358 9.260933
9.066676 8.768206 10.48919 8.293658 8.62497 9.18254 10.23591 9.70635 9.496564 9.76058 9.71908 9.967273 9.238947 9.362055 9.741263 10.32716 9.72479 9.740941 9.956222 9.81762 9.120494 10.30653 9.437615 9.936759 9.19647 9.19734 9.35286 10.17737 9.092597 9.199318 9.624477 9.887739 9.278225 10.02277 9.8558 9.012186 9.00677 8.971567 10.3462 8.76743
8.932792 9.408685 9.85021 9.180928 9.712878 9.501025 9.56289 9.820096 10.38128 9.729995 9.808556 9.989899 10.0772 9.464646 10.26716 8.41786 8.893866 10.11357 8.739904 8.942415 9.237761 9.337272 8.118259 9.825687 8.75876 10.19055 8.543434 8.802256 9.137595 9.501848 8.42229 9.721974 10.39434 8.275575 8.601858 9.0931 9.949875 9.241845 9.312352 10.29654
10.25672 10.50083 10.40796 10.10687 10.62352 8.160761 8.732668 9.995343 9.191839 9.190884 9.044706 9.953128 9.334495 9.413205 10.22063 9.474897 9.746032 9.146972 10.54778 10.15823
