"ntaxa" "mpd.obs" "mpd.rand.mean" "mpd.rand.sd" "mpd.obs.rank" "mpd.obs.z" "mpd.obs.p" "runs"
"R1_1994" 3 3.34131113423517 2.84819783362968 0.685474814682545 747 0.719374789625006 0.747 999
"R2_1994" 2 0.2880859375 0.77341990427928 0.304323966468468 86.5 -1.5947937732652 0.0865 999
"R3_1994" 3 2.01136213502444 2.12150424965856 0.533536530022962 378.5 -0.206437813413416 0.3785 999
"R4_1994" 4 3.64668367346939 3.78708300136872 0.630282664256369 345 -0.222756131274809 0.345 999
"R5_1994" 3 1.91405516982548 2.69223248393824 0.663849388720134 109 -1.17221967412374 0.109 999
"R6_1994" 1 NA NA NA NA NA NA 999
"R7_1994" 5 3.26839889679199 3.97113908799204 0.508777803648089 93 -1.38123201555020 0.093 999
"R9_1994" 2 0.939836240655037 2.5165785222745 1.00632950553532 91.5 -1.56682505376876 0.0915 999
"R10_1994" 2 1.34157484547165 1.78540916622078 0.707949115996691 302 -0.626929691301716 0.302 999
"R11_1994" 2 3.20987654320988 2.10136061987914 0.84998778229046 877.5 1.30415512602266 0.8775 999
"R12_1994" 2 0.848032174662453 2.2936766125505 0.881320465440743 80 -1.64031642810551 0.08 999
"R13_1994" 2 0.846018266303477 2.26536422658839 0.905873924386703 91.5 -1.56682505376876 0.0915 999
"R14_1994" 2 0.612317550729797 1.63958903723945 0.65563892027301 91.5 -1.56682505376876 0.0915 999
"R15_1994" 2 0.64 1.72780780780781 0.673712457990203 84 -1.61464701284123 0.084 999
"SK2_1994" 4 3.68282548476454 3.76476129869482 0.633032948469893 422 -0.129433727151677 0.422 999
"SK3_1994" 3 2.92761245674740 2.27872772426406 0.602814607364784 822 1.07642503110527 0.822 999
"SK4_1994" 3 1.30536332179931 3.45029198748922 0.81003991822984 22 -2.64792958645442 0.022 999
"SK5_1994" 2 2.56 1.70218218218218 0.670161978179034 868.5 1.28001564658843 0.8685 999
"SK6_1994" 2 2.86222222222222 1.90313424535647 0.74927832282517 868.5 1.28001564658843 0.8685 999
"SK7_1994" 1 NA NA NA NA NA NA 999
"SK8_1994" 2 2.30394808004327 1.53192944161035 0.603132188649837 868.5 1.28001564658843 0.8685 999
"SK10_1994" 3 3.47550089268002 2.70654149487714 0.657060331591385 875.5 1.17030257471255 0.8755 999
"SK11_1994" 2 0.503090567051868 1.32646702063526 0.526514907272845 90.5 -1.56382363008139 0.0905 999
"SK12_1994" 4 4.34722222222222 3.57136457445099 0.618355152703512 930.5 1.25471202815906 0.9305 999
"SK13_1994" 2 1.40248356464573 1.26537055682417 0.495922387531122 561 0.276480778583422 0.561 999
"SK15_1994" 3 2.09418282548476 2.99050435477028 0.727412194266484 109 -1.2322058062133 0.109 999
"SK16_1994" 3 3.56207612456747 2.54040171659549 0.674467101971393 949.5 1.51478760785477 0.9495 999
"SK17_1994" 2 0.570749108204518 1.53228138959411 0.594194329193515 85 -1.61821181076342 0.085 999
"D10_1994" 2 3.93481213218651 2.61631527407897 1.03006307901132 868.5 1.28001564658843 0.8685 999
"D12_1994" 3 4.09057706355004 2.98106401182450 0.841524818228733 914.5 1.31845553178202 0.9145 999
"D13_1994" 2 0.975069252077562 2.61092117047796 1.04405524692473 91.5 -1.56682505376876 0.0915 999
"D15_1994" 3 4.1304222924447 3.01731550568092 0.884923783007438 888.5 1.25785610934860 0.8885 999
"D34_1994" 4 4.3188246097337 3.58800585709677 0.703439212701915 830.5 1.03892239647809 0.8305 999
"D44_1994" 1 NA NA NA NA NA NA 999
"D45_1994" 2 2.3801652892562 1.58260740078922 0.623084483844143 868.5 1.28001564658843 0.8685 999
"D46_1994" 2 3.60703942971709 2.39837431550508 0.944258077964445 868.5 1.28001564658843 0.8685 999
"D48_1994" 5 3.89882722443115 3.51952446950609 0.529655462777853 730 0.716131110846577 0.73 999
"D49_1994" 2 0.841549627674616 2.25339865268228 0.901089130283995 91.5 -1.56682505376876 0.0915 999
"D50_1994" 2 0.867768595041322 2.32360459633187 0.929163085431111 91.5 -1.56682505376876 0.0915 999
"D51_1994" 3 2.47637051039698 1.91949984010475 0.500985750589183 819 1.11154991861009 0.819 999
"D65_1994" 3 2.52648257129923 3.20706673173853 0.818744880469151 218.5 -0.831253027254736 0.2185 999
"D73_1994" 5 4.21340054610376 4.17285085968136 0.48891161006809 444 0.0829386858224837 0.444 999
"D73B_1994" 4 2.22170262514614 3.25905329285072 0.630540080703235 58.5 -1.64517799811812 0.0585 999
"R1_2004" 3 2.37654320987654 2.48691592827395 0.640050695483379 403.5 -0.172443712937542 0.4035 999
"R2_2004" 4 2.4 3.52248248248248 0.613948947440722 54 -1.82829938411265 0.054 999
"R3_2004" 2 0.965972287680271 2.54208322753897 1.02168537430012 91.5 -1.54265782745337 0.0915 999
"R4_2004" 1 NA NA NA NA NA NA 999
"R5_2004" 3 4.140625 3.50217404904905 0.809040366251924 803.5 0.789145977856124 0.8035 999
"R6_2004" 1 NA NA NA NA NA NA 999
"R7_2004" 1 NA NA NA NA NA NA 999
"R9_2004" 3 3.66914828222116 2.59726976481297 0.753155561518383 949.5 1.42318343271244 0.9495 999
"R10_2004" 3 1.16742382271468 3.1061532446574 0.740444431662107 18 -2.61833209764407 0.018 999
"R11_2004" 2 3.11685295398461 2.07244201670098 0.815936070834178 868.5 1.28001564658843 0.8685 999
"R12_2004" 2 3.99802469135802 2.61732547362177 1.05869247468055 877.5 1.30415512602266 0.8775 999
"R13_2004" 2 1.76431276453553 2.31886152135651 0.921591280148911 311.5 -0.601729604832387 0.3115 999
"R14_2004" 4 3.66168063278252 3.39373408963823 0.640778472462602 621.5 0.4181578418428 0.6215 999
"SK2_2004" 1 NA NA NA NA NA NA 999
"SK3_2004" 1 NA NA NA NA NA NA 999
"SK4_2004" 2 1.99952662721893 2.65502709810402 1.06361339763384 307.5 -0.616295801033851 0.3075 999
"SK5_2004" 4 3.09259571597234 3.22882774830827 0.612704108267252 381 -0.222345550646293 0.381 999
"SK6_2004" 3 3.85763888888889 3.42610666221777 0.762921558094813 646 0.565631187233388 0.646 999
"SK7_2004" 2 3.98222222222222 2.60698031364698 1.05450791944466 877.5 1.30415512602266 0.8775 999
"SK8_2004" 5 4.72744752443519 4.1022063563323 0.514851182550742 941.5 1.21441144410942 0.9415 999
"SK10_2004" 3 3.99833402748855 3.3607018096814 0.756788626211392 737.5 0.842549948192584 0.7375 999
"SK11_2004" 3 4.09204470742932 2.96804365180434 0.799018709943475 923 1.40672682834236 0.923 999
"SK12_2004" 3 4.24433106575964 3.50554522776745 0.784138620371911 833 0.94216228967499 0.833 999
"SK13_2004" 4 3.78966620941930 3.35644774480318 0.601557571976508 726.5 0.72016126934071 0.7265 999
"SK15_2004" 1 NA NA NA NA NA NA 999
"SK16_2004" 4 3.154296875 3.33519065940941 0.62068906473406 341.5 -0.291440263228925 0.3415 999
"SK17_2004" 1 NA NA NA NA NA NA 999
"SC51_2004" 2 3.34631054775917 2.22501179314217 0.876003943862364 868.5 1.28001564658843 0.8685 999
"SC3_2004" 2 0.999763313609467 2.63100876023953 1.05742531986042 91.5 -1.54265782745337 0.0915 999
"D10_2004" 1 NA NA NA NA NA NA 999
"D13_2004" 2 1.93359375 1.28567532376126 0.50618008300571 868.5 1.28001564658843 0.8685 999
"D19_2004" 3 2.97130193905817 2.60359195760858 0.663647648176624 680.5 0.554074112158582 0.6805 999
"D20_2004" 2 1.04142011834320 1.37188075649614 0.556923568960559 314.5 -0.593368024933326 0.3145 999
"D31_2004" 3 3.58238073464411 3.40755814494574 0.758550512642792 501.5 0.230469278953208 0.5015 999
"D34_2004" 4 1.51084812623274 2.43488393061043 0.582271643281251 79 -1.58694969099045 0.079 999
"D45_2004" 3 4.04591368227732 3.481211238787 0.810706649365905 690.5 0.696555830560913 0.6905 999
"D46_2004" 1 NA NA NA NA NA NA 999
"D47_2004" 3 1.05087736496422 2.78054429294504 0.736711840594662 22 -2.34782018242663 0.022 999
"D48_2004" 4 3.80549256739733 3.70079855617775 0.623851102741727 521.5 0.167818908645782 0.5215 999
"D51_2004" 4 3.63364169197091 3.61420667896199 0.659828693347216 464.5 0.0294546345208514 0.4645 999
"D53_2004" 4 4.07093425605536 3.75880898199237 0.662918922376852 587.5 0.470834763539236 0.5875 999
"D65_2004" 3 4.14677135074507 3.04930471249971 0.802059691977244 957.5 1.36831042529999 0.9575 999
"D66_2004" 2 1.99949609473419 2.66599479297892 1.04959471806031 300 -0.635005766298482 0.3 999
