"ntaxa" "mntd.obs" "mntd.rand.mean" "mntd.rand.sd" "mntd.obs.rank" "mntd.obs.z" "mntd.obs.p" "runs"
"R1_1994" 3 6 4.1981981981982 0.998485315279417 948.5 1.80453510355091 0.9485 999
"R2_1994" 2 2 5.26926926926927 2.14283692022981 97.5 -1.52567339045038 0.0975 999
"R3_1994" 3 4 4.17684351017684 1.00160296924273 407.5 -0.176560489143265 0.4075 999
"R4_1994" 4 3.5 3.57707707707708 0.714202517172922 445.5 -0.107920478048967 0.4455 999
"R5_1994" 3 2.66666666666667 4.17751084417751 0.997697900865216 88.5 -1.51433031602113 0.0885 999
"R6_1994" 1 NA NA NA NA NA NA 999
"R7_1994" 5 3.2 3.18758758758759 0.519293189749226 487 0.0239025133728533 0.487 999
"R9_1994" 2 2 5.30930930930931 2.16536394757888 95 -1.52829242077735 0.095 999
"R10_1994" 2 4 5.3013013013013 2.09118493135892 304.5 -0.622279398530132 0.3045 999
"R11_1994" 2 8 5.4014014014014 2.09159929557852 861 1.24239791249301 0.861 999
"R12_1994" 2 2 5.27927927927928 2.11897645184841 95.5 -1.54757702777618 0.0955 999
"R13_1994" 2 2 5.30930930930931 2.16536394757888 95 -1.52829242077735 0.095 999
"R14_1994" 2 2 5.30930930930931 2.16536394757888 95 -1.52829242077735 0.095 999
"R15_1994" 2 2 5.35735735735736 2.1261383661765 89 -1.57908695443702 0.089 999
"SK2_1994" 4 4 3.56656656656657 0.711572902318484 700.5 0.609120206827997 0.7005 999
"SK3_1994" 3 6 4.25291958625292 0.967799353715186 948.5 1.8052093205481 0.9485 999
"SK4_1994" 3 2 4.20820820820821 1.01174544192702 19.5 -2.18257292467001 0.0195 999
"SK5_1994" 2 8 5.2952952952953 2.12813199295692 865 1.27092901833907 0.865 999
"SK6_1994" 2 8 5.2952952952953 2.12813199295692 865 1.27092901833907 0.865 999
"SK7_1994" 1 NA NA NA NA NA NA 999
"SK8_1994" 2 8 5.2952952952953 2.12813199295692 865 1.27092901833907 0.865 999
"SK10_1994" 3 6 4.20487153820487 1.02140455786800 945 1.75750974280176 0.945 999
"SK11_1994" 2 2 5.29129129129129 2.13432540257628 94 -1.54207567755061 0.094 999
"SK12_1994" 4 3.5 3.54504504504505 0.758038401011313 454.5 -0.0594231703630708 0.4545 999
"SK13_1994" 2 6 5.29129129129129 2.13995163970469 582 0.33117977787877 0.582 999
"SK15_1994" 3 2.66666666666667 4.18151484818152 0.967966541767697 76.5 -1.56497989976848 0.0765 999
"SK16_1994" 3 4 4.21955288621955 0.999365340944322 406.5 -0.219692315937325 0.4065 999
"SK17_1994" 2 2 5.36336336336336 2.08128869317733 83.5 -1.61600040128446 0.0835 999
"D10_1994" 2 8 5.2952952952953 2.12813199295692 865 1.27092901833907 0.865 999
"D12_1994" 3 4 4.1368034701368 1.03144351354579 438 -0.132633021915582 0.438 999
"D13_1994" 2 2 5.30930930930931 2.16536394757888 95 -1.52829242077735 0.095 999
"D15_1994" 3 4 4.1368034701368 1.03144351354579 438 -0.132633021915582 0.438 999
"D34_1994" 4 3.5 3.54504504504505 0.758038401011313 454.5 -0.0594231703630708 0.4545 999
"D44_1994" 1 NA NA NA NA NA NA 999
"D45_1994" 2 8 5.2952952952953 2.12813199295692 865 1.27092901833907 0.865 999
"D46_1994" 2 8 5.2952952952953 2.12813199295692 865 1.27092901833907 0.865 999
"D48_1994" 5 2 3.14674674674675 0.567000799594152 31.5 -2.02247818268963 0.0315 999
"D49_1994" 2 2 5.30930930930931 2.16536394757888 95 -1.52829242077735 0.095 999
"D50_1994" 2 2 5.30930930930931 2.16536394757888 95 -1.52829242077735 0.095 999
"D51_1994" 3 4.66666666666667 4.18685352018685 1.01634855378217 692.5 0.472095074759803 0.6925 999
"D65_1994" 3 4 4.15949282615949 0.9965028633793 429 -0.160052551799628 0.429 999
"D73_1994" 5 4 3.15155155155155 0.536946662651105 931.5 1.58013543516472 0.9315 999
"D73B_1994" 4 2.5 3.52702702702703 0.72548116178332 92 -1.41564947669002 0.092 999
"R1_2004" 3 4 4.21955288621955 0.999365340944322 406.5 -0.219692315937325 0.4065 999
"R2_2004" 4 3.5 3.55905905905906 0.711708207526678 456.5 -0.0829821244640419 0.4565 999
"R3_2004" 2 2 5.36336336336336 2.09854876353278 87.5 -1.60270917779454 0.0875 999
"R4_2004" 1 NA NA NA NA NA NA 999
"R5_2004" 3 4 4.21955288621955 0.999365340944322 406.5 -0.219692315937325 0.4065 999
"R6_2004" 1 NA NA NA NA NA NA 999
"R7_2004" 1 NA NA NA NA NA NA 999
"R9_2004" 3 4 4.21955288621955 0.999365340944322 406.5 -0.219692315937325 0.4065 999
"R10_2004" 3 2 4.17617617617618 1.04203230386791 18.5 -2.08839607764409 0.0185 999
"R11_2004" 2 8 5.2952952952953 2.12813199295692 865 1.27092901833907 0.865 999
"R12_2004" 2 8 5.4014014014014 2.09159929557852 861 1.24239791249301 0.861 999
"R13_2004" 2 4 5.31131131131131 2.06657291897505 297.5 -0.634534256822487 0.2975 999
"R14_2004" 4 4 3.58958958958959 0.7275234101776 685.5 0.564119868404266 0.6855 999
"SK2_2004" 1 NA NA NA NA NA NA 999
"SK3_2004" 1 NA NA NA NA NA NA 999
"SK4_2004" 2 4 5.33933933933934 2.08726551224351 298 -0.641671762161078 0.298 999
"SK5_2004" 4 3.5 3.56956956956957 0.704917535871874 448 -0.0986917845411846 0.448 999
"SK6_2004" 3 4 4.22288955622289 1.02089772631444 405.5 -0.218327017954625 0.4055 999
"SK7_2004" 2 8 5.4014014014014 2.09159929557852 861 1.24239791249301 0.861 999
"SK8_2004" 5 2.8 3.15835835835836 0.540344011727462 263.5 -0.663204089581189 0.2635 999
"SK10_2004" 3 5.33333333333333 4.17817817817818 0.99153388851684 866.5 1.16501833021871 0.8665 999
"SK11_2004" 3 4 4.16149482816150 1.04099394493867 441.5 -0.155135223357145 0.4415 999
"SK12_2004" 3 4 4.18551885218552 0.983642352322657 408.5 -0.188603969468635 0.4085 999
"SK13_2004" 4 3 3.54954954954955 0.732372881373991 230.5 -0.750368512442119 0.2305 999
"SK15_2004" 1 NA NA NA NA NA NA 999
"SK16_2004" 4 3.5 3.54654654654655 0.723278541976847 454.5 -0.0643549391349653 0.4545 999
"SK17_2004" 1 NA NA NA NA NA NA 999
"SC51_2004" 2 8 5.2952952952953 2.12813199295692 865 1.27092901833907 0.865 999
"SC3_2004" 2 2 5.36336336336336 2.09854876353278 87.5 -1.60270917779454 0.0875 999
"D10_2004" 1 NA NA NA NA NA NA 999
"D13_2004" 2 8 5.2952952952953 2.12813199295692 865 1.27092901833907 0.865 999
"D19_2004" 3 4 4.1368034701368 1.03144351354579 438 -0.132633021915582 0.438 999
"D20_2004" 2 4 5.36336336336336 2.13076968675996 301.5 -0.639845484866311 0.3015 999
"D31_2004" 3 4 4.1368034701368 1.03144351354579 438 -0.132633021915582 0.438 999
"D34_2004" 4 3.5 3.54104104104104 0.726203870438734 468.5 -0.0565144895416851 0.4685 999
"D45_2004" 3 4 4.21955288621955 0.999365340944322 406.5 -0.219692315937325 0.4065 999
"D46_2004" 1 NA NA NA NA NA NA 999
"D47_2004" 3 2 4.20820820820821 1.01174544192702 19.5 -2.18257292467001 0.0195 999
"D48_2004" 4 3.5 3.54054054054054 0.719126131421947 470.5 -0.0563747286729498 0.4705 999
"D51_2004" 4 3.5 3.54504504504505 0.758038401011313 454.5 -0.0594231703630708 0.4545 999
"D53_2004" 4 3.5 3.52752752752753 0.704617601911021 477.5 -0.0390673287934747 0.4775 999
"D65_2004" 3 6 4.24357691024358 1.01987412866361 940.5 1.72219594594280 0.9405 999
"D66_2004" 2 4 5.28728728728729 2.10651926061435 308 -0.611096851263473 0.308 999
