12.82222 12.92157 12.91414 12.97354 13.17094 12.84615 12.79835 12.90278 12.42593 12.98148 12.86752 12.80843 12.86869 13.25309 13.05556 12.84722 13.07222 13.09677 12.98485 12.85824 12.90535 13.01852 12.91358 13.19097 12.94118 13.14815 12.81287 12.88 12.99206 12.82051 12.91667 13.01389 13.17391 12.91026 12.75661 13.125 13.08730 12.95111 12.95726 12.48941
12.85818 13.09333 12.91538 12.32154 12.68 12.805 11.7 12.76533 12.47231 12.57931 12.71455 13.53222 12.80923 12.705 13.238 13.27097 12.41091 12.69931 12.45333 12.28889 12.91778 13.11625 12.57412 13.09333 12.24 12.584 12.55429 12.60923 12.22 12.83667 13.21217 12.55077 12.49905 12.6075 12.91 12.9056 12.49538 12.74866 13.12045 13.05656
12.42760 12.64706 12.67892 11.80392 12.83922 12.69457 12.60446 12.56952 13.40686 12.90045 12.77206 13.13235 13.25806 12.39572 12.78499 12.69281 12.63399 12.95752 13.28493 12.55709 13.32843 12.47678 12.69412 12.65546 12.80543 12.34874 12.83333 13.41944 12.68326 12.59384 12.81985 12.94328 13.00235 12.53394 13.09091 13.05944 12.87063 12.81818 12.85606 12.42424
12.95758 12.99301 12.79937 12.57851 13.12626 13.11538 12.84943 13.08182 13.00293 12.76033 12.80878 12.93266 12.96465 12.86869 13.24432 12.85294 13.27273 12.84689 12.91273 12.95455 12.87063 12.90909 12.92045 13.19368 12.93706 12.83550 13.05114 13.01623 12.94182 12.73427 13.33516 13.06410 13 13.04563 12.71429 13.11746 13.09341 13.01149 13.02381 13.26587
13.29670 13.02976 13.18333 13.21198 13.12554 13.09195 13.14991 13.31746 13.13492 13.35565 13.14006 13.30952 13.11779 13.11810 13.21769 13.06593 13.2483 13.23413 13.25259 13.13553 13.00227 13.37202 13.26020 13.11238 13.15751 12.97929 13.04416 13.05128 12.66667 13.08205 13.11243 12.96950 12.74476 13.33761 13.2071 13.05048 13.36154 13.24442 12.81119 12.94032
12.95869 12.79487 12.97863 13.3125 12.97059 13.30449 12.82389 12.96154 12.88462 12.99408 12.94780 12.99038 13.27926 13.01479 12.95788 13.06731 13.06319 13.03846 12.73077 12.62821 12.65705 11.76282 12.72564 12.52663 12.54775 12.69231 13.41026 12.78107 12.71154 13.15 13.21464 12.39510 12.72812 12.53989 12.47436 12.97863 13.16346 12.56109 13.16667 12.30567
12.56769 12.52747 12.69527 12.25275 12.84615 13.22575 12.60651 12.50733 12.68269 12.9011 12.94308 12.58876 12.68056 12.24074 12.85926 12.74217 12.65006 12.70202 13.20679 12.88034 12.78241 13.05 13.08244 12.74411 12.73308 12.78601 12.88889 12.85802 13.17940 12.74510 13.17284 12.58285 12.72296 12.72487 12.76068 12.64286 12.87346 13.19485 12.76923 12.58730
12.96759 12.96958 12.90815 12.81197 12.40278 12.78056 12.87821 12.63649 12.57955 12.97685 12.89103 12.80729 12.97083 12.95296 12.64015 12.73994 12.89352 13.10648 12.88889 13.24740 12.74510 13.27778 12.69518 12.72833 12.66071 12.89103 12.70833 12.87153 13.13949 12.86538 12.68452 13.00521 12.92857 12.94167 12.86859 12.36111 12.03846 12.10345 12.17424 13.31944
12.41667 12.25521 12.85833 13.02151 11.76515 12.32759 12.02469 11.79630 12.55556 12.82812 12.04412 12.84722 11.79825 12.18 12.14286 12.23077 11.63095 12.41667 13.04348 12.11538 12.05556 12.23438 12.51190 12.59333 11.89744 12.89487 12.76782 12.72727 13.17778 13.02564 12.86458 13.14 13.09247 12.68182 12.82989 12.85432 12.94444 12.97037 13.24167 12.83725
13.25556 12.72982 12.832 12.80952 12.89487 12.77857 12.97222 13.14493 12.88718 12.78413 12.99583 13 13 12.81538 12.72281 12.94755 13.53419 12.91716 12.83654 13.26154 13.30893 12.72378 12.83422 12.66239 12.65385 13.05128 13.20433 12.78507 13.16026 12.45547 12.74 12.73077 12.74556 12.49176 13.00962 13.27926 12.72189 12.60623 12.85817 13.06593
13.01385 12.83136 12.57837 13.14847 12.83289 12.70474 13.00862 13.03560 12.54859 12.68609 12.71264 12.76628 12.82950 13.13901 12.66126 13.17529 12.54809 12.67172 12.65517 12.73475 12.51232 12.80747 13.14393 12.71618 12.56814 12.85776 12.88547 12.90207 12.67374 12.82828 12.95804 12.67045 12.94545 12.82551 12.29339 12.56583 12.73569 12.64646 12.54545 13.11364
12.57219 13.18182 12.65789 12.68909 12.61688 12.73077 12.67208 12.56818 13.01383 12.76573 12.72078 12.82955 12.69481 12.75455 12.25524 13.44872 13.1875 13.20556 13.02957 13.20202 13.12165 13.46399 13.73765 13.09568 13.50347 13.31209 13.55324 13.46637 13.32778 13.32937 13.32265 13.62698 13.23380 13.20169 13.42094 13.31878 13.5625 13.25 13.22778 13.27778
13 13.26923 13.28536 12.93706 12.90716 12.92308 12.98718 13.06838 13.26683 12.90950 13.27564 12.67611 12.85231 12.76374 12.93787 12.70879 13.00962 13.34783 12.95858 12.73626 13.08413 13.09615 13.12923 13.02663 13.075 13.06452 12.69318 12.78233 12.80556 12.84722 12.87847 13.17773 12.79596 13.19271 12.71053 12.815 12.84375 12.80769 12.74107 12.92708
13.14402 12.82452 12.72619 12.96875 12.98214 12.9325 12.72356 13.14355 13.11818 13.10172 13.28704 13.48333 13.12778 13.42188 13.15 13.42083 13.21842 13.146 13.17857 13.16154 13.225 13.225 13.31087 13.23846 13.05476 13.42188 13.24643 13.17 13.18846 13.12903 12.98999 13.23895 13.44803 13.01254 13.36190 13.20683 13.36559 13.19694 13.12516 13.15207
13.11414 13.36636 13.13710 13.13043 13.26551 13.10445 13.35887 13.17627 13.09290 13.15136 12.69592 12.58586 12.33333 12.80303 13.1875 12.47059 13.26136 12.47368 12.63636 12.50649 12.77273 12.32468 12.71212 13.20553 12.64685 12.68398 12.65341 12.75974 12.90909 12.17133 12.72925 12.78544 12.73755 13.13254 12.76876 13.14655 12.56806 12.72552 12.69458 12.73210
12.69212 12.78448 13.08246 12.77188 12.64532 12.88793 12.88300 12.85655 12.68700 12.45679 12.91564 13.15162 12.71678 13.11728 12.38986 12.67407 12.65608 12.69516 12.47354 12.84877 13.20934 12.68091 12.61376 12.74769 12.92989 12.91556 12.59259 12.89506 13.14931 12.63072 13.12037 12.27485 12.62667 12.57143 12.69231 12.28968 12.78241 13.36232 12.63675 12.68254
12.57986 12.89683 12.93333 12.18803 13.1875 12.89869 13.20833 12.80994 12.88222 12.83333 12.84615 12.92460 12.82407 13.09903 12.93162 12.82804 13.06597 12.94048 12.90889 12.67521 13.19485 13.34115 13.03783 13.14125 13.15625 13.11779 13.17857 13.22135 13.37364 13.19712 13.06696 13.32227 13.27455 13.19875 13.12260 13.23529 12.54180 12.70118 12.65966 12.80995
12.47899 12.81373 13.29156 12.72398 12.64706 12.83640 12.90336 12.94824 12.52262 13.01316 13.10667 13.15476 13.08333 13.21726 13.22917 13.34420 13.20192 13.04762 13.33594 13.28274 13.15667 13.15385 12.45684 12.34586 12.52227 12.16165 12.70175 13.16018 12.48178 12.33584 12.56579 12.80263 12.79158 12.52227 12.60571 12.74154 12.52 12.80667 13.18957 12.74154
12.57714 12.825 12.89571 12.8848 12.65231 12.75275 12.38776 12.77381 13.14907 12.71978 12.55102 12.77679 12.84694 12.92 12.60440 12.67033 12.875 13.13378 12.76923 12.6337 12.89663 12.96154 12.88 12.73669 12.77679 13.3882 12.52198 12.41497 12.5625 12.88520 13 12.45330 13.24638 12.90064 12.78968 12.98437 12.91369 12.96667 12.63141 13.27090
13.16149 13.36141 13.25311 13.14609 13.21405 12.61905 12.83654 12.98352 12.95692 12.66272 12.81548 12.88946 12.82667 12.72894 13.06027 13.1025 12.68510 13.02714 12.73901 12.82154
