10.80400 13.39749 15.04476 10.40608 12.60598 11.10689 12.22660 10.70104 10.42142 15.86067 16.41394 17.35266 41.24754 13.19125 14.82515 11.44008 13.86791 13.04182 14.58179 15.06137 12.55824 13.22106 12.66649 13.83104 12.57215 11.72603 13.02165 13.62332 24.98228 13.72491 15.26566 13.64751 15.14803 12.43202 11.50039 12.07950 13.96937 12.25715 14.83663 10.83624
12.30186 7.187418 9.323793 7.784591 9.435005 7.121657 7.045023 13.43134 14.03950 15.15163 44.47544 10.24650 12.44939 8.094916 11.4354 10.05015 11.90888 12.19662 9.166177 10.07225 9.67502 11.02025 9.275885 8.395405 9.992388 10.66214 24.48847 10.58192 12.58376 10.58722 12.36242 9.12929 8.102719 8.659123 11.01071 8.748414 11.97351 14.92475 10.08053 12.50294
11.02143 11.79867 10.62758 10.19119 15.55765 16.43780 17.29501 41.06401 12.65348 14.53238 11.31295 13.45497 12.90123 14.37065 15.04318 12.64641 13.32377 12.42305 13.49062 12.46821 11.60381 12.90737 13.55501 24.80855 13.77028 15.27954 13.66579 14.92145 12.46645 11.45939 12.0331 13.78146 12.29320 14.72288 12.21851 14.43846 12.46218 13.86020 11.95627 11.73415
17.27937 17.49754 18.34911 42.07809 14.76671 16.25584 12.84155 15.44865 14.59377 16.06067 16.52398 14.07495 15.28959 14.30153 15.38333 14.28492 13.12409 14.51038 15.11209 26.16111 14.88833 16.55745 15.21364 16.51863 14.10538 13.16741 13.70956 15.21575 13.25255 16.49507 7.863967 7.65261 8.421047 6.986427 6.675732 12.65565 14.32995 15.42958 44.95752 8.993858
11.80665 7.683517 10.56494 9.283066 11.19674 11.39960 8.3971 8.259753 8.675073 9.952676 8.129601 7.803283 9.282212 9.934407 24.31567 10.47113 12.34657 9.733602 11.64273 8.133507 7.043533 7.717231 10.63653 8.935345 10.77552 9.944155 10.75063 8.797217 9.141688 14.66120 16.44879 17.61355 47.10017 11.49699 13.78817 9.654794 13.02649 10.52037 12.56397 11.61070
8.271397 6.12545 10.13252 11.85214 7.934285 9.347162 10.35443 10.60558 25.80554 11.72695 13.32196 9.772256 13.21348 7.904782 7.092641 8.12427 12.37112 10.79746 11.11444 9.691553 7.358027 7.220519 13.70108 14.09889 15.09703 43.71148 10.65795 12.56902 8.436103 11.65003 10.46439 12.20125 12.5671 9.629599 10.81939 10.09345 11.42985 9.797647 8.737473 10.32053
10.97621 24.37617 10.79521 12.78192 11.01416 12.70507 9.65755 8.57714 9.23308 11.18453 8.920525 12.53842 9.184164 8.753265 14.38929 15.6446 16.57462 42.72843 11.12466 13.40523 9.867117 12.23766 11.49750 13.14011 13.67060 11.05478 11.47342 10.92113 12.04875 10.82641 10.09169 11.48835 12.15413 24.68494 12.51142 14.18072 12.18591 13.64468 10.84372 9.759421
10.38858 12.51948 10.98784 13.23770 6.502083 13.29146 13.71704 14.74120 45.42562 10.13938 12.13040 7.677333 11.31054 9.721105 11.58674 11.67024 8.493539 9.500976 9.390617 10.88132 8.665272 7.892954 9.525193 10.10795 24.56275 9.95502 12.05742 10.02738 12.11424 8.562457 7.471286 8.207295 10.45038 8.019146 11.73888 12.92135 13.60197 14.58214 44.48898 9.581624
11.82795 7.568888 10.82530 9.678942 11.47276 11.87571 8.878114 10.13626 9.207925 10.49970 9.033771 7.841864 9.539355 10.24262 24.25140 10.07023 12.19214 10.30816 11.90409 8.915644 7.742986 8.415981 10.39396 8.100296 11.76202 18.74699 19.61474 41.92874 15.01048 16.96069 13.84290 15.94389 15.21703 16.67048 17.15281 14.87681 15.26067 14.79314 15.74470 14.74223
14.03917 15.27101 15.86468 26.55188 16.12200 17.56611 15.86490 17.08411 14.68929 13.80503 14.29695 16.21028 14.79361 16.71615 19.01070 38.8519 17.00394 17.49541 14.64977 16.92270 16.26471 17.50239 18.01657 15.82921 17.14582 16.15319 17.27426 16.15873 14.97994 16.13207 16.63255 25.81002 16.3275 17.66423 16.8071 18.17214 15.88443 15.07484 15.67813 16.74023
14.87485 18.29438 38.43974 17.98396 18.30659 15.69066 17.78118 17.29290 18.41786 19.00663 16.95380 18.39142 17.17680 18.26273 17.26823 16.03382 17.13808 17.62231 26.22006 17.28523 18.54657 17.86259 19.11425 17.02585 16.21105 16.83404 17.63239 15.85796 19.36608 45.65973 40.27944 44.81168 40.61475 43.79699 42.32852 44.34916 46.41416 46.92089 44.38108 44.15405
46.49607 45.34852 44.03138 43.91755 31.20961 44.15867 41.72422 44.85267 43.9679 45.99209 46.40321 46.7189 43.74330 45.40852 45.15367 14.53262 10.61315 13.09077 12.26655 14.01218 14.66143 12.07673 12.56330 11.56197 12.45827 11.67437 10.85478 12.45903 13.24620 26.36177 13.59357 15.48212 13.23761 14.15230 11.82663 10.74699 11.06600 13.41829 11.92549 13.76707
12.87186 14.94846 14.30329 15.69803 16.14102 13.81189 14.26279 13.92428 15.05468 13.77070 13.07251 14.20993 14.74309 25.29992 14.97899 16.32713 14.79319 16.33962 13.6646 12.73213 13.44066 15.14514 13.67888 16.03925 11.89317 10.51948 12.35424 12.5702 9.58558 10.33918 10.10005 11.41563 9.656533 8.861444 10.43650 11.07519 24.88898 11.08518 13.06959 10.98934
12.77615 9.548888 8.495463 9.116495 11.45193 9.300092 12.34355 13.39441 14.84601 15.54850 13.24586 13.79273 12.89917 13.89521 13.02947 12.16824 13.43278 14.07795 24.95492 14.3856 15.80795 14.19997 15.39684 13.02138 12.02862 12.58897 14.34361 12.99363 15.1664 13.66956 13.64972 10.81601 10.61956 11.52793 12.86327 10.71966 10.59343 11.86773 12.36555 25.32242
12.77322 14.41059 12.08910 14.20407 10.63009 9.729611 10.41483 13.14989 11.41020 13.2948 15.37483 12.81056 12.77304 13.32194 14.57423 12.68124 12.47697 13.62454 14.10596 25.73505 14.47470 15.92297 13.93613 15.80944 12.62157 11.76165 12.43379 14.75561 13.20239 15.10801 11.94103 11.02384 13.39453 14.89236 11.93858 12.43764 13.46139 13.74856 26.52554 14.32300
15.80552 13.24862 16.02964 11.76500 10.98341 11.90387 14.96485 13.26249 14.67787 7.482844 10.56183 12.28648 8.672707 9.376621 10.53900 10.81784 25.67537 11.40041 13.17158 10.16205 13.46828 8.454923 7.60172 8.646046 12.25627 10.18956 11.83196 10.34468 12.36455 7.177642 9.708624 10.33509 10.29754 25.83255 11.95371 13.25893 9.033674 13.67954 6.991739 6.352147
7.736612 12.97554 11.58805 10.58004 12.30900 10.39428 10.18476 11.50739 12.07355 25.37473 12.554 14.24970 11.81929 13.75732 10.33735 9.367553 10.03612 12.81138 11.16369 12.90205 12.09861 11.53695 12.91706 13.57546 26.11405 13.97481 15.66957 13.44637 14.86431 12.05795 11.07770 11.60045 14.09106 12.54884 14.24386 9.470024 10.55682 10.82537 25.61956 11.71629
13.32907 10.15096 13.39534 8.382866 7.544919 8.523563 12.29838 10.61628 11.63004 10.45406 11.02776 25.1583 11.17499 13.14791 10.82346 12.90205 9.3224 8.287078 9.02082 11.64296 9.51252 12.21048 12.16051 25.36242 12.52765 14.20318 11.87152 14.17700 10.40485 9.46962 10.30676 13.01969 11.17043 13.28469 25.58508 12.98689 14.55887 12.14530 14.79147 10.67267
9.795388 10.71889 13.55522 11.76055 13.66871 25.88436 25.85806 25.81214 26.7424 25.41934 25.05728 25.60359 25.93374 25.55375 26.74224 14.72709 12.80193 15.02842 11.46209 10.53422 11.34075 13.57548 11.32632 14.45187 14.35579 16.66431 13.11675 12.31308 13.15704 15.30785 13.48456 15.96331 14.63506 9.970755 9.16094 10.15184 13.51228 11.72561 13.10046 13.30949
12.41647 12.95772 15.28034 13.61965 15.59149 7.393456 8.435346 12.23425 10.38024 11.52649 7.541474 11.25886 9.329218 10.75704 11.92838 10.02188 11.48350 11.96519 14.92777 13.44544
